/*--------------------------------*- C++ -*----------------------------------*\
| =========                 |                                                 |
| \\      /  F ield         | OpenFOAM: The Open Source CFD Toolbox           |
|  \\    /   O peration     | Version:  2.0.x                                 |
|   \\  /    A nd           | Web:      www.OpenFOAM.com                      |
|    \\/     M anipulation  |                                                 |
\*---------------------------------------------------------------------------*/
FoamFile
{
    version     2.0;
    format      ascii;
    class       vectorField;
    location    "constant/polyMesh";
    object      points;
}
// * * * * * * * * * * * * * * * * * * * * * * * * * * * * * * * * * * * * * //


2982
(
(1.3 1.51987 0)
(0.125 1.99609 0)
(-1.3 1.51987 0)
(-0.125 1.99609 0)
(1.3 1.51987 0.1)
(0.125 1.99609 0.1)
(-0.125 1.99609 0.1)
(-1.3 1.51987 0.1)
(1.27979 1.51994 0)
(1.25958 1.52015 0)
(1.23938 1.52051 0)
(1.21917 1.52101 0)
(1.19898 1.52165 0)
(1.17878 1.52243 0)
(1.15859 1.52336 0)
(1.13841 1.52443 0)
(1.11824 1.52565 0)
(1.09808 1.52701 0)
(1.07793 1.52852 0)
(1.05779 1.53018 0)
(1.03766 1.53199 0)
(1.01754 1.53395 0)
(0.997445 1.53606 0)
(0.977364 1.53832 0)
(0.9573 1.54074 0)
(0.937256 1.54332 0)
(0.917234 1.54606 0)
(0.897234 1.54895 0)
(0.877258 1.55202 0)
(0.857309 1.55525 0)
(0.837388 1.55864 0)
(0.817497 1.56221 0)
(0.797638 1.56596 0)
(0.777813 1.56988 0)
(0.758026 1.57399 0)
(0.738278 1.57828 0)
(0.718573 1.58277 0)
(0.698913 1.58744 0)
(0.679301 1.59232 0)
(0.659742 1.5974 0)
(0.640238 1.6027 0)
(0.620795 1.6082 0)
(0.601415 1.61394 0)
(0.582106 1.6199 0)
(0.56287 1.62609 0)
(0.543716 1.63254 0)
(0.524648 1.63923 0)
(0.505675 1.64619 0)
(0.486805 1.65342 0)
(0.468045 1.66094 0)
(0.449407 1.66875 0)
(0.430901 1.67687 0)
(0.412541 1.68531 0)
(0.394339 1.69409 0)
(0.376313 1.70322 0)
(0.358481 1.71273 0)
(0.340864 1.72263 0)
(0.323487 1.73295 0)
(0.306377 1.7437 0)
(0.289568 1.75492 0)
(0.273098 1.76663 0)
(0.257012 1.77886 0)
(0.241363 1.79165 0)
(0.226214 1.80502 0)
(0.211638 1.81902 0)
(0.197723 1.83367 0)
(0.184574 1.84901 0)
(0.172313 1.86507 0)
(0.161082 1.88187 0)
(0.151042 1.8994 0)
(0.142373 1.91765 0)
(0.135263 1.93656 0)
(0.129897 1.95604 0)
(0.126437 1.97594 0)
(-0.126437 1.97594 0)
(-0.129897 1.95604 0)
(-0.135263 1.93656 0)
(-0.142373 1.91765 0)
(-0.151042 1.8994 0)
(-0.161082 1.88187 0)
(-0.172313 1.86507 0)
(-0.184574 1.84901 0)
(-0.197723 1.83367 0)
(-0.211638 1.81902 0)
(-0.226214 1.80502 0)
(-0.241363 1.79165 0)
(-0.257012 1.77886 0)
(-0.273098 1.76663 0)
(-0.289568 1.75492 0)
(-0.306377 1.7437 0)
(-0.323487 1.73295 0)
(-0.340864 1.72263 0)
(-0.358481 1.71273 0)
(-0.376313 1.70322 0)
(-0.394339 1.69409 0)
(-0.412541 1.68531 0)
(-0.430901 1.67687 0)
(-0.449407 1.66875 0)
(-0.468045 1.66094 0)
(-0.486805 1.65342 0)
(-0.505675 1.64619 0)
(-0.524648 1.63923 0)
(-0.543716 1.63254 0)
(-0.56287 1.62609 0)
(-0.582106 1.6199 0)
(-0.601415 1.61394 0)
(-0.620795 1.6082 0)
(-0.640238 1.6027 0)
(-0.659742 1.5974 0)
(-0.679301 1.59232 0)
(-0.698913 1.58744 0)
(-0.718573 1.58277 0)
(-0.738278 1.57828 0)
(-0.758026 1.57399 0)
(-0.777813 1.56988 0)
(-0.797638 1.56596 0)
(-0.817497 1.56221 0)
(-0.837388 1.55864 0)
(-0.857309 1.55525 0)
(-0.877258 1.55202 0)
(-0.897234 1.54895 0)
(-0.917234 1.54606 0)
(-0.937256 1.54332 0)
(-0.9573 1.54074 0)
(-0.977364 1.53832 0)
(-0.997445 1.53606 0)
(-1.01754 1.53395 0)
(-1.03766 1.53199 0)
(-1.05779 1.53018 0)
(-1.07793 1.52852 0)
(-1.09808 1.52701 0)
(-1.11824 1.52565 0)
(-1.13841 1.52443 0)
(-1.15859 1.52336 0)
(-1.17878 1.52243 0)
(-1.19898 1.52165 0)
(-1.21917 1.52101 0)
(-1.23938 1.52051 0)
(-1.25958 1.52015 0)
(-1.27979 1.51994 0)
(1.28462 1.53289 0)
(1.2691 1.54576 0)
(1.25346 1.55847 0)
(1.23769 1.57103 0)
(1.22179 1.58342 0)
(1.20577 1.59566 0)
(1.18963 1.60773 0)
(1.17336 1.61964 0)
(1.15698 1.63138 0)
(1.14048 1.64296 0)
(1.12386 1.65437 0)
(1.10713 1.66561 0)
(1.09029 1.67669 0)
(1.07333 1.68759 0)
(1.05627 1.69832 0)
(1.0391 1.70888 0)
(1.02182 1.71927 0)
(1.00444 1.72948 0)
(0.986961 1.73951 0)
(0.969379 1.74937 0)
(0.951699 1.75905 0)
(0.933922 1.76856 0)
(0.916049 1.77788 0)
(0.898084 1.78702 0)
(0.880028 1.79598 0)
(0.861882 1.80476 0)
(0.843649 1.81335 0)
(0.82533 1.82177 0)
(0.806927 1.82999 0)
(0.788442 1.83803 0)
(0.769877 1.84588 0)
(0.751234 1.85355 0)
(0.732515 1.86103 0)
(0.713721 1.86831 0)
(0.694855 1.87541 0)
(0.675918 1.88232 0)
(0.656912 1.88904 0)
(0.63784 1.89556 0)
(0.618703 1.9019 0)
(0.599503 1.90803 0)
(0.580242 1.91398 0)
(0.560922 1.91973 0)
(0.541546 1.92529 0)
(0.522114 1.93065 0)
(0.502629 1.93581 0)
(0.483093 1.94078 0)
(0.463508 1.94555 0)
(0.443876 1.95012 0)
(0.424199 1.9545 0)
(0.404479 1.95867 0)
(0.384718 1.96265 0)
(0.364917 1.96643 0)
(0.34508 1.97 0)
(0.325207 1.97338 0)
(0.305302 1.97656 0)
(0.285365 1.97954 0)
(0.2654 1.98231 0)
(0.245407 1.98489 0)
(0.22539 1.98726 0)
(0.205349 1.98943 0)
(0.185288 1.9914 0)
(0.165208 1.99316 0)
(0.145112 1.99473 0)
(-0.145112 1.99473 0)
(-0.165208 1.99316 0)
(-0.185288 1.9914 0)
(-0.205349 1.98943 0)
(-0.22539 1.98726 0)
(-0.245407 1.98489 0)
(-0.2654 1.98231 0)
(-0.285365 1.97954 0)
(-0.305302 1.97656 0)
(-0.325207 1.97338 0)
(-0.34508 1.97 0)
(-0.364917 1.96643 0)
(-0.384717 1.96265 0)
(-0.404479 1.95867 0)
(-0.424199 1.9545 0)
(-0.443876 1.95012 0)
(-0.463508 1.94555 0)
(-0.483093 1.94078 0)
(-0.502629 1.93581 0)
(-0.522114 1.93065 0)
(-0.541545 1.92529 0)
(-0.560922 1.91973 0)
(-0.580242 1.91398 0)
(-0.599503 1.90803 0)
(-0.618703 1.90189 0)
(-0.63784 1.89556 0)
(-0.656912 1.88904 0)
(-0.675918 1.88232 0)
(-0.694855 1.87541 0)
(-0.713721 1.86831 0)
(-0.732515 1.86103 0)
(-0.751234 1.85355 0)
(-0.769877 1.84588 0)
(-0.788442 1.83803 0)
(-0.806927 1.82999 0)
(-0.82533 1.82176 0)
(-0.843649 1.81335 0)
(-0.861882 1.80476 0)
(-0.880028 1.79598 0)
(-0.898084 1.78702 0)
(-0.916049 1.77788 0)
(-0.933921 1.76856 0)
(-0.951698 1.75905 0)
(-0.969379 1.74937 0)
(-0.986961 1.73951 0)
(-1.00444 1.72948 0)
(-1.02182 1.71927 0)
(-1.0391 1.70888 0)
(-1.05627 1.69832 0)
(-1.07333 1.68759 0)
(-1.09029 1.67668 0)
(-1.10713 1.66561 0)
(-1.12386 1.65437 0)
(-1.14048 1.64296 0)
(-1.15698 1.63138 0)
(-1.17336 1.61964 0)
(-1.18963 1.60773 0)
(-1.20577 1.59566 0)
(-1.22179 1.58342 0)
(-1.23769 1.57103 0)
(-1.25346 1.55847 0)
(-1.2691 1.54576 0)
(-1.28462 1.53289 0)
(1.28462 1.53289 0.1)
(1.2691 1.54576 0.1)
(1.25346 1.55847 0.1)
(1.23769 1.57103 0.1)
(1.22179 1.58342 0.1)
(1.20577 1.59566 0.1)
(1.18963 1.60773 0.1)
(1.17336 1.61964 0.1)
(1.15698 1.63138 0.1)
(1.14048 1.64296 0.1)
(1.12386 1.65437 0.1)
(1.10713 1.66561 0.1)
(1.09029 1.67669 0.1)
(1.07333 1.68759 0.1)
(1.05627 1.69832 0.1)
(1.0391 1.70888 0.1)
(1.02182 1.71927 0.1)
(1.00444 1.72948 0.1)
(0.986961 1.73951 0.1)
(0.969379 1.74937 0.1)
(0.951699 1.75905 0.1)
(0.933922 1.76856 0.1)
(0.916049 1.77788 0.1)
(0.898084 1.78702 0.1)
(0.880028 1.79598 0.1)
(0.861882 1.80476 0.1)
(0.843649 1.81335 0.1)
(0.82533 1.82177 0.1)
(0.806927 1.82999 0.1)
(0.788442 1.83803 0.1)
(0.769877 1.84588 0.1)
(0.751234 1.85355 0.1)
(0.732515 1.86103 0.1)
(0.713721 1.86831 0.1)
(0.694855 1.87541 0.1)
(0.675918 1.88232 0.1)
(0.656912 1.88904 0.1)
(0.63784 1.89556 0.1)
(0.618703 1.9019 0.1)
(0.599503 1.90803 0.1)
(0.580242 1.91398 0.1)
(0.560922 1.91973 0.1)
(0.541546 1.92529 0.1)
(0.522114 1.93065 0.1)
(0.502629 1.93581 0.1)
(0.483093 1.94078 0.1)
(0.463508 1.94555 0.1)
(0.443876 1.95012 0.1)
(0.424199 1.9545 0.1)
(0.404479 1.95867 0.1)
(0.384718 1.96265 0.1)
(0.364917 1.96643 0.1)
(0.34508 1.97 0.1)
(0.325207 1.97338 0.1)
(0.305302 1.97656 0.1)
(0.285365 1.97954 0.1)
(0.2654 1.98231 0.1)
(0.245407 1.98489 0.1)
(0.22539 1.98726 0.1)
(0.205349 1.98943 0.1)
(0.185288 1.9914 0.1)
(0.165208 1.99316 0.1)
(0.145112 1.99473 0.1)
(0.126437 1.97594 0.1)
(0.129897 1.95604 0.1)
(0.135263 1.93656 0.1)
(0.142373 1.91765 0.1)
(0.151042 1.8994 0.1)
(0.161082 1.88187 0.1)
(0.172313 1.86507 0.1)
(0.184574 1.84901 0.1)
(0.197723 1.83367 0.1)
(0.211638 1.81902 0.1)
(0.226214 1.80502 0.1)
(0.241363 1.79165 0.1)
(0.257012 1.77886 0.1)
(0.273098 1.76663 0.1)
(0.289568 1.75492 0.1)
(0.306377 1.7437 0.1)
(0.323487 1.73295 0.1)
(0.340864 1.72263 0.1)
(0.358481 1.71273 0.1)
(0.376313 1.70322 0.1)
(0.394339 1.69409 0.1)
(0.412541 1.68531 0.1)
(0.430901 1.67687 0.1)
(0.449407 1.66875 0.1)
(0.468045 1.66094 0.1)
(0.486805 1.65342 0.1)
(0.505675 1.64619 0.1)
(0.524648 1.63923 0.1)
(0.543716 1.63254 0.1)
(0.56287 1.62609 0.1)
(0.582106 1.6199 0.1)
(0.601415 1.61394 0.1)
(0.620795 1.6082 0.1)
(0.640238 1.6027 0.1)
(0.659742 1.5974 0.1)
(0.679301 1.59232 0.1)
(0.698913 1.58744 0.1)
(0.718573 1.58277 0.1)
(0.738278 1.57828 0.1)
(0.758026 1.57399 0.1)
(0.777813 1.56988 0.1)
(0.797638 1.56596 0.1)
(0.817497 1.56221 0.1)
(0.837388 1.55864 0.1)
(0.857309 1.55525 0.1)
(0.877258 1.55202 0.1)
(0.897234 1.54895 0.1)
(0.917234 1.54606 0.1)
(0.937256 1.54332 0.1)
(0.9573 1.54074 0.1)
(0.977364 1.53832 0.1)
(0.997445 1.53606 0.1)
(1.01754 1.53395 0.1)
(1.03766 1.53199 0.1)
(1.05779 1.53018 0.1)
(1.07793 1.52852 0.1)
(1.09808 1.52701 0.1)
(1.11824 1.52565 0.1)
(1.13841 1.52443 0.1)
(1.15859 1.52336 0.1)
(1.17878 1.52243 0.1)
(1.19898 1.52165 0.1)
(1.21917 1.52101 0.1)
(1.23938 1.52051 0.1)
(1.25958 1.52015 0.1)
(1.27979 1.51994 0.1)
(-0.126437 1.97594 0.1)
(-0.129897 1.95604 0.1)
(-0.135263 1.93656 0.1)
(-0.142373 1.91765 0.1)
(-0.151042 1.8994 0.1)
(-0.161082 1.88187 0.1)
(-0.172313 1.86507 0.1)
(-0.184574 1.84901 0.1)
(-0.197723 1.83367 0.1)
(-0.211638 1.81902 0.1)
(-0.226214 1.80502 0.1)
(-0.241363 1.79165 0.1)
(-0.257012 1.77886 0.1)
(-0.273098 1.76663 0.1)
(-0.289568 1.75492 0.1)
(-0.306377 1.7437 0.1)
(-0.323487 1.73295 0.1)
(-0.340864 1.72263 0.1)
(-0.358481 1.71273 0.1)
(-0.376313 1.70322 0.1)
(-0.394339 1.69409 0.1)
(-0.412541 1.68531 0.1)
(-0.430901 1.67687 0.1)
(-0.449407 1.66875 0.1)
(-0.468045 1.66094 0.1)
(-0.486805 1.65342 0.1)
(-0.505675 1.64619 0.1)
(-0.524648 1.63923 0.1)
(-0.543716 1.63254 0.1)
(-0.56287 1.62609 0.1)
(-0.582106 1.6199 0.1)
(-0.601415 1.61394 0.1)
(-0.620795 1.6082 0.1)
(-0.640238 1.6027 0.1)
(-0.659742 1.5974 0.1)
(-0.679301 1.59232 0.1)
(-0.698913 1.58744 0.1)
(-0.718573 1.58277 0.1)
(-0.738278 1.57828 0.1)
(-0.758026 1.57399 0.1)
(-0.777813 1.56988 0.1)
(-0.797638 1.56596 0.1)
(-0.817497 1.56221 0.1)
(-0.837388 1.55864 0.1)
(-0.857309 1.55525 0.1)
(-0.877258 1.55202 0.1)
(-0.897234 1.54895 0.1)
(-0.917234 1.54606 0.1)
(-0.937256 1.54332 0.1)
(-0.9573 1.54074 0.1)
(-0.977364 1.53832 0.1)
(-0.997445 1.53606 0.1)
(-1.01754 1.53395 0.1)
(-1.03766 1.53199 0.1)
(-1.05779 1.53018 0.1)
(-1.07793 1.52852 0.1)
(-1.09808 1.52701 0.1)
(-1.11824 1.52565 0.1)
(-1.13841 1.52443 0.1)
(-1.15859 1.52336 0.1)
(-1.17878 1.52243 0.1)
(-1.19898 1.52165 0.1)
(-1.21917 1.52101 0.1)
(-1.23938 1.52051 0.1)
(-1.25958 1.52015 0.1)
(-1.27979 1.51994 0.1)
(-1.28462 1.53289 0.1)
(-1.2691 1.54576 0.1)
(-1.25346 1.55847 0.1)
(-1.23769 1.57103 0.1)
(-1.22179 1.58342 0.1)
(-1.20577 1.59566 0.1)
(-1.18963 1.60773 0.1)
(-1.17336 1.61964 0.1)
(-1.15698 1.63138 0.1)
(-1.14048 1.64296 0.1)
(-1.12386 1.65437 0.1)
(-1.10713 1.66561 0.1)
(-1.09029 1.67668 0.1)
(-1.07333 1.68759 0.1)
(-1.05627 1.69832 0.1)
(-1.0391 1.70888 0.1)
(-1.02182 1.71927 0.1)
(-1.00444 1.72948 0.1)
(-0.986961 1.73951 0.1)
(-0.969379 1.74937 0.1)
(-0.951698 1.75905 0.1)
(-0.933921 1.76856 0.1)
(-0.916049 1.77788 0.1)
(-0.898084 1.78702 0.1)
(-0.880028 1.79598 0.1)
(-0.861882 1.80476 0.1)
(-0.843649 1.81335 0.1)
(-0.82533 1.82176 0.1)
(-0.806927 1.82999 0.1)
(-0.788442 1.83803 0.1)
(-0.769877 1.84588 0.1)
(-0.751234 1.85355 0.1)
(-0.732515 1.86103 0.1)
(-0.713721 1.86831 0.1)
(-0.694855 1.87541 0.1)
(-0.675918 1.88232 0.1)
(-0.656912 1.88904 0.1)
(-0.63784 1.89556 0.1)
(-0.618703 1.90189 0.1)
(-0.599503 1.90803 0.1)
(-0.580242 1.91398 0.1)
(-0.560922 1.91973 0.1)
(-0.541545 1.92529 0.1)
(-0.522114 1.93065 0.1)
(-0.502629 1.93581 0.1)
(-0.483093 1.94078 0.1)
(-0.463508 1.94555 0.1)
(-0.443876 1.95012 0.1)
(-0.424199 1.9545 0.1)
(-0.404479 1.95867 0.1)
(-0.384717 1.96265 0.1)
(-0.364917 1.96643 0.1)
(-0.34508 1.97 0.1)
(-0.325207 1.97338 0.1)
(-0.305302 1.97656 0.1)
(-0.285365 1.97954 0.1)
(-0.2654 1.98231 0.1)
(-0.245407 1.98489 0.1)
(-0.22539 1.98726 0.1)
(-0.205349 1.98943 0.1)
(-0.185288 1.9914 0.1)
(-0.165208 1.99316 0.1)
(-0.145112 1.99473 0.1)
(0.593942 1.79222 0)
(0.606447 1.78326 0)
(0.562369 1.7757 0)
(0.612827 1.71129 0)
(0.53027 1.78058 0)
(0.676063 1.76426 0)
(0.510906 1.7853 0)
(0.672583 1.72785 0)
(0.712443 1.73752 0)
(0.492019 1.82921 0)
(0.732694 1.71351 0)
(0.768027 1.70455 0)
(0.789739 1.69717 0)
(0.429394 1.83681 0)
(0.810285 1.68857 0)
(0.39363 1.83452 0)
(0.838876 1.6843 0)
(0.369099 1.84834 0)
(0.856743 1.67739 0)
(0.349806 1.85165 0)
(0.872277 1.67197 0)
(0.889004 1.67117 0)
(0.285303 1.84152 0)
(0.939639 1.65611 0)
(0.968333 1.64344 0)
(0.277953 1.88294 0)
(0.989233 1.63727 0)
(1.00442 1.6282 0)
(1.02141 1.61981 0)
(0.224562 1.89562 0)
(1.03901 1.61171 0)
(1.05723 1.6033 0)
(0.23143 1.91918 0)
(1.07703 1.59276 0)
(1.09633 1.58822 0)
(1.11104 1.58648 0)
(0.200416 1.94976 0)
(1.12623 1.5818 0)
(1.14476 1.57959 0)
(1.16105 1.57261 0)
(1.17951 1.56643 0)
(0.167734 1.95675 0)
(1.19635 1.56159 0)
(0.146795 1.9745 0)
(1.23208 1.55623 0)
(1.24562 1.54408 0)
(0.613844 1.84218 0)
(0.577825 1.7066 0)
(0.529432 1.71335 0)
(0.59811 1.83572 0)
(0.551255 1.84959 0)
(0.690271 1.82667 0)
(0.658761 1.65068 0)
(0.7034 1.78919 0)
(0.530028 1.84771 0)
(0.474567 1.73888 0)
(0.675489 1.65439 0)
(0.499032 1.87673 0)
(0.7103 1.6592 0)
(0.740759 1.77721 0)
(0.460192 1.86698 0)
(0.760427 1.77999 0)
(0.78642 1.7637 0)
(0.453912 1.88931 0)
(0.790971 1.62959 0)
(0.813145 1.74577 0)
(0.812429 1.63124 0)
(0.432866 1.89636 0)
(0.352131 1.79312 0)
(0.832752 1.7403 0)
(0.828969 1.61975 0)
(0.449045 1.71243 0)
(0.409816 1.89829 0)
(0.329205 1.78511 0)
(0.858488 1.73997 0)
(0.845335 1.62445 0)
(0.596043 1.67432 0)
(0.39246 1.89584 0)
(0.315294 1.79786 0)
(0.357717 1.92592 0)
(0.88214 1.61624 0)
(0.426562 1.73975 0)
(0.303514 1.8345 0)
(0.892781 1.60685 0)
(0.339198 1.91261 0)
(0.923563 1.70772 0)
(0.914748 1.60315 0)
(0.955847 1.69945 0)
(0.933902 1.60372 0)
(0.969984 1.68746 0)
(0.300931 1.91916 0)
(0.953874 1.58962 0)
(0.989998 1.68543 0)
(0.281821 1.80313 0)
(0.981454 1.59118 0)
(0.242602 1.84409 0)
(1.00697 1.67164 0)
(0.999096 1.58225 0)
(0.266376 1.80914 0)
(1.02269 1.66271 0)
(1.01791 1.57526 0)
(1.03925 1.65691 0)
(1.03623 1.56931 0)
(0.225539 1.85244 0)
(1.05733 1.64874 0)
(1.05393 1.56399 0)
(0.290741 1.94325 0)
(1.07589 1.64008 0)
(1.07196 1.55936 0)
(0.239325 1.94848 0)
(1.09527 1.63169 0)
(1.09284 1.55383 0)
(1.11788 1.6248 0)
(1.11787 1.55529 0)
(1.1352 1.61494 0)
(1.14846 1.59676 0)
(1.15262 1.54937 0)
(0.203252 1.97107 0)
(0.252573 1.88629 0)
(1.16656 1.59325 0)
(0.469962 1.82937 0)
(0.620483 1.77553 0)
(1.17767 1.54509 0)
(0.169702 1.91024 0)
(1.18389 1.58692 0)
(1.19755 1.54269 0)
(0.184448 1.9733 0)
(0.186672 1.92055 0)
(0.178704 1.93979 0)
(0.160063 1.92923 0)
(1.1993 1.57939 0)
(0.262725 1.913 0)
(0.149473 1.95099 0)
(0.208527 1.92642 0)
(1.21625 1.54106 0)
(0.60822 1.74756 0)
(0.471284 1.78583 0)
(1.21466 1.56369 0)
(0.642181 1.75027 0)
(0.305437 1.88189 0)
(1.23273 1.53896 0)
(0.432562 1.79901 0)
(0.165933 1.97426 0)
(0.547176 1.67995 0)
(0.626395 1.66121 0)
(0.387471 1.74576 0)
(0.521846 1.68609 0)
(0.569283 1.81289 0)
(0.532377 1.80992 0)
(0.536368 1.88825 0)
(0.587976 1.86666 0)
(0.556431 1.74303 0)
(0.570998 1.73952 0)
(0.730932 1.75461 0)
(0.731878 1.67958 0)
(0.72396 1.61016 0)
(0.607314 1.69137 0)
(0.603237 1.86874 0)
(0.748347 1.66746 0)
(0.76289 1.81468 0)
(0.741324 1.61863 0)
(0.748317 1.82293 0)
(0.729013 1.82136 0)
(0.773832 1.66534 0)
(0.808244 1.72985 0)
(0.774349 1.60446 0)
(0.346918 1.7537 0)
(0.787612 1.65596 0)
(0.644773 1.71883 0)
(0.474239 1.88737 0)
(0.799252 1.59519 0)
(0.341811 1.9334 0)
(0.669385 1.63535 0)
(0.815519 1.65897 0)
(0.850397 1.77296 0)
(0.816259 1.59766 0)
(0.488005 1.75852 0)
(0.827625 1.69795 0)
(0.38548 1.87107 0)
(0.440268 1.75442 0)
(0.878247 1.77141 0)
(0.588958 1.69366 0)
(0.401926 1.80195 0)
(0.840505 1.71035 0)
(0.889978 1.75494 0)
(0.320134 1.76142 0)
(0.478558 1.68091 0)
(0.480084 1.91671 0)
(0.8559 1.59152 0)
(0.367998 1.86832 0)
(0.622542 1.68337 0)
(0.861609 1.71392 0)
(0.602163 1.80547 0)
(0.905967 1.74493 0)
(0.880234 1.637 0)
(0.669055 1.77943 0)
(0.867093 1.58599 0)
(0.299875 1.77061 0)
(0.352397 1.89069 0)
(0.643917 1.78545 0)
(0.888102 1.58878 0)
(0.30356 1.95124 0)
(0.618718 1.8612 0)
(0.691237 1.76903 0)
(0.440096 1.92955 0)
(0.412691 1.81861 0)
(0.825322 1.80312 0)
(0.420632 1.75664 0)
(0.451612 1.73811 0)
(0.914974 1.62978 0)
(0.486514 1.85218 0)
(0.435087 1.86801 0)
(0.901886 1.58029 0)
(0.322032 1.82696 0)
(0.9555 1.719 0)
(0.624196 1.62542 0)
(0.920632 1.57398 0)
(0.681393 1.80914 0)
(0.941242 1.67356 0)
(0.978114 1.72376 0)
(0.588663 1.73074 0)
(0.952418 1.61048 0)
(0.444889 1.87777 0)
(0.41815 1.79595 0)
(0.656933 1.73418 0)
(0.93867 1.56387 0)
(0.634391 1.83487 0)
(0.449986 1.83719 0)
(0.959305 1.66863 0)
(0.459424 1.69283 0)
(0.984728 1.70248 0)
(0.290779 1.89607 0)
(0.97501 1.61948 0)
(0.963679 1.56935 0)
(0.664677 1.70644 0)
(0.981645 1.66361 0)
(0.468293 1.84802 0)
(1.00816 1.7017 0)
(0.444703 1.85585 0)
(0.312325 1.90401 0)
(0.993499 1.60996 0)
(0.695869 1.75433 0)
(0.235861 1.82738 0)
(0.987509 1.56124 0)
(0.997659 1.6546 0)
(0.266932 1.94198 0)
(1.02544 1.68599 0)
(0.332837 1.89496 0)
(0.67991 1.7462 0)
(0.62676 1.73056 0)
(1.01082 1.60141 0)
(0.284238 1.78624 0)
(1.0075 1.55606 0)
(0.263103 1.8662 0)
(1.01409 1.64603 0)
(1.04719 1.67716 0)
(0.428661 1.82063 0)
(0.462484 1.7243 0)
(1.02862 1.59364 0)
(0.301608 1.79508 0)
(0.48854 1.7269 0)
(1.0268 1.55187 0)
(1.03099 1.63802 0)
(0.279912 1.92839 0)
(1.0654 1.66798 0)
(0.277966 1.82426 0)
(0.220479 1.95229 0)
(0.592731 1.71157 0)
(0.459847 1.92727 0)
(1.04638 1.58618 0)
(0.462917 1.88199 0)
(1.04587 1.54814 0)
(0.632994 1.70048 0)
(0.295705 1.93137 0)
(1.04875 1.62997 0)
(0.29568 1.81322 0)
(0.290455 1.86368 0)
(1.08334 1.65849 0)
(1.06147 1.57874 0)
(0.607548 1.73214 0)
(0.208948 1.84555 0)
(1.06487 1.54447 0)
(0.250794 1.93123 0)
(0.554494 1.70552 0)
(0.310379 1.85281 0)
(1.06739 1.62146 0)
(0.445189 1.81321 0)
(1.1015 1.6494 0)
(0.240324 1.96809 0)
(1.07771 1.574 0)
(0.2519 1.82192 0)
(0.690641 1.72266 0)
(0.267234 1.89435 0)
(1.08222 1.5398 0)
(0.242346 1.86183 0)
(0.288041 1.91309 0)
(0.623704 1.79929 0)
(0.480761 1.87091 0)
(0.436946 1.7257 0)
(1.08706 1.61291 0)
(0.262636 1.83986 0)
(1.11883 1.64262 0)
(1.09462 1.57267 0)
(0.437776 1.69665 0)
(0.375318 1.78415 0)
(0.466114 1.81236 0)
(0.457043 1.79561 0)
(0.22495 1.93738 0)
(1.10691 1.54035 0)
(0.236652 1.87772 0)
(1.10861 1.6033 0)
(0.245164 1.90286 0)
(0.201313 1.88295 0)
(0.183085 1.95848 0)
(1.13716 1.62842 0)
(0.61805 1.82292 0)
(0.324618 1.92099 0)
(0.282283 1.95805 0)
(0.247145 1.80746 0)
(0.502432 1.7144 0)
(0.263656 1.79173 0)
(1.11139 1.57276 0)
(0.612726 1.76245 0)
(0.705552 1.80646 0)
(0.41148 1.83687 0)
(0.484113 1.80365 0)
(0.315883 1.81143 0)
(0.505863 1.85812 0)
(1.13025 1.59984 0)
(0.277453 1.90437 0)
(1.1323 1.53986 0)
(0.593094 1.75131 0)
(1.13528 1.56522 0)
(0.179236 1.89209 0)
(0.199331 1.86002 0)
(1.1511 1.61336 0)
(0.508817 1.76498 0)
(0.561037 1.64895 0)
(0.549612 1.79592 0)
(0.375363 1.72368 0)
(0.522631 1.80044 0)
(0.534341 1.79587 0)
(0.532769 1.90781 0)
(0.526384 1.76146 0)
(0.559662 1.75948 0)
(0.39248 1.7274 0)
(0.728983 1.6336 0)
(0.798485 1.67103 0)
(0.569385 1.7946 0)
(0.783409 1.67993 0)
(0.534745 1.65549 0)
(0.687672 1.60735 0)
(0.70882 1.64284 0)
(0.681055 1.66716 0)
(0.592728 1.85077 0)
(0.515238 1.6652 0)
(0.34658 1.8347 0)
(0.613214 1.64955 0)
(0.51346 1.83953 0)
(0.746624 1.75902 0)
(0.4029 1.87971 0)
(0.570975 1.86029 0)
(0.539009 1.69662 0)
(0.363462 1.7619 0)
(0.657847 1.86839 0)
(0.297162 1.96166 0)
(0.567017 1.68988 0)
(0.73157 1.73774 0)
(0.635695 1.8563 0)
(0.566483 1.83224 0)
(0.623984 1.87822 0)
(0.538266 1.83231 0)
(0.341401 1.77315 0)
(0.839358 1.79283 0)
(0.848524 1.72853 0)
(0.709171 1.71879 0)
(0.555271 1.90011 0)
(0.583776 1.79977 0)
(0.544514 1.7624 0)
(0.753358 1.63329 0)
(0.584182 1.83093 0)
(0.654779 1.84654 0)
(0.769324 1.62498 0)
(0.721122 1.78357 0)
(0.583851 1.88609 0)
(0.547711 1.72451 0)
(0.678975 1.68756 0)
(0.544042 1.87129 0)
(0.695414 1.67244 0)
(0.489881 1.78229 0)
(0.687347 1.6433 0)
(0.718892 1.6946 0)
(0.798475 1.71536 0)
(0.369703 1.74094 0)
(0.750958 1.74133 0)
(0.576412 1.75598 0)
(0.57886 1.84558 0)
(0.847941 1.75022 0)
(0.328133 1.94929 0)
(0.755871 1.59615 0)
(0.355316 1.90994 0)
(0.822702 1.67624 0)
(0.75545 1.72331 0)
(0.63864 1.67253 0)
(0.876511 1.74841 0)
(0.660958 1.673 0)
(0.549377 1.81644 0)
(0.664504 1.82563 0)
(0.383821 1.76297 0)
(0.422467 1.87578 0)
(0.537413 1.74374 0)
(0.670492 1.61691 0)
(0.74142 1.64365 0)
(0.86351 1.7872 0)
(0.771599 1.82468 0)
(0.694792 1.65981 0)
(0.7112 1.62423 0)
(0.524776 1.86456 0)
(0.812581 1.76501 0)
(0.513 1.75001 0)
(0.801242 1.64622 0)
(0.710245 1.67689 0)
(0.760942 1.83493 0)
(0.517241 1.73145 0)
(0.860771 1.69449 0)
(0.639206 1.65441 0)
(0.834992 1.76267 0)
(0.404598 1.7508 0)
(0.499943 1.74107 0)
(0.800858 1.78027 0)
(0.811789 1.61312 0)
(0.507974 1.80888 0)
(0.800611 1.58046 0)
(0.83526 1.66474 0)
(0.311841 1.93457 0)
(0.371817 1.92525 0)
(0.405004 1.93447 0)
(0.418834 1.71005 0)
(0.6139 1.66829 0)
(0.60293 1.82083 0)
(0.782163 1.58618 0)
(0.818491 1.58035 0)
(0.899465 1.59621 0)
(0.88104 1.6904 0)
(0.568852 1.71986 0)
(0.21532 1.87297 0)
(0.389774 1.85321 0)
(0.874892 1.73237 0)
(0.365654 1.93869 0)
(0.429433 1.85341 0)
(0.749725 1.79956 0)
(0.856089 1.63653 0)
(0.349903 1.87015 0)
(0.630897 1.64125 0)
(0.834867 1.60185 0)
(0.89331 1.73501 0)
(0.354592 1.94903 0)
(0.416523 1.77679 0)
(0.851989 1.66151 0)
(0.847478 1.69639 0)
(0.841942 1.58113 0)
(0.503771 1.68902 0)
(0.396592 1.71009 0)
(0.624759 1.7509 0)
(0.314619 1.78308 0)
(0.640134 1.87219 0)
(0.770684 1.80223 0)
(0.736929 1.83735 0)
(0.916988 1.5862 0)
(0.713128 1.75747 0)
(0.909062 1.56664 0)
(0.904169 1.67523 0)
(0.463637 1.901 0)
(0.501775 1.9193 0)
(0.56379 1.87954 0)
(0.339729 1.81922 0)
(0.581772 1.77635 0)
(0.903468 1.61697 0)
(0.606012 1.88743 0)
(0.869391 1.62498 0)
(0.912053 1.76016 0)
(0.649164 1.69025 0)
(0.659882 1.75306 0)
(0.696472 1.6856 0)
(0.940649 1.68785 0)
(0.746801 1.69483 0)
(0.590023 1.65207 0)
(0.823422 1.72206 0)
(0.331517 1.80064 0)
(0.856122 1.60824 0)
(0.407659 1.91544 0)
(0.316181 1.9606 0)
(0.411009 1.8578 0)
(0.441085 1.78084 0)
(0.860659 1.5718 0)
(0.5867 1.814 0)
(0.475463 1.71087 0)
(0.868569 1.65277 0)
(0.259207 1.96103 0)
(0.572508 1.66688 0)
(0.928388 1.75097 0)
(0.925275 1.64344 0)
(0.726497 1.76786 0)
(0.377503 1.83014 0)
(0.702882 1.70081 0)
(0.921195 1.73095 0)
(0.523342 1.82298 0)
(0.514642 1.70287 0)
(0.934393 1.58418 0)
(0.825008 1.78077 0)
(0.358132 1.81282 0)
(0.73677 1.59697 0)
(0.927291 1.66837 0)
(0.921844 1.56157 0)
(0.794418 1.61039 0)
(0.927032 1.61894 0)
(0.892087 1.62768 0)
(0.642569 1.73707 0)
(0.450131 1.9121 0)
(0.398891 1.76688 0)
(0.72605 1.80333 0)
(0.38698 1.93016 0)
(0.900115 1.76649 0)
(0.489938 1.69874 0)
(0.380212 1.80994 0)
(0.54696 1.77852 0)
(0.647191 1.62691 0)
(0.955146 1.68836 0)
(0.222424 1.96917 0)
(0.410574 1.73279 0)
(0.920993 1.68683 0)
(0.598905 1.76822 0)
(0.877145 1.59961 0)
(0.604385 1.85488 0)
(0.463277 1.74663 0)
(0.945545 1.74222 0)
(0.881923 1.57169 0)
(0.695691 1.73863 0)
(0.763282 1.68101 0)
(0.89032 1.65294 0)
(0.510783 1.90221 0)
(0.330959 1.84606 0)
(0.940613 1.72624 0)
(0.646902 1.81483 0)
(0.723236 1.84528 0)
(0.686588 1.70606 0)
(0.690758 1.62403 0)
(0.635935 1.76777 0)
(0.325926 1.87147 0)
(0.374175 1.88874 0)
(0.96225 1.73324 0)
(0.372593 1.90956 0)
(0.188775 1.87544 0)
(0.759863 1.65173 0)
(0.396592 1.81969 0)
(0.768942 1.74733 0)
(0.729703 1.65657 0)
(0.424493 1.9182 0)
(0.606676 1.63058 0)
(0.361114 1.83021 0)
(0.491112 1.89506 0)
(0.792442 1.79356 0)
(0.779336 1.7285 0)
(0.589258 1.63401 0)
(0.518055 1.883 0)
(0.654112 1.77114 0)
(0.824963 1.64298 0)
(0.96893 1.70604 0)
(0.389882 1.91237 0)
(0.863467 1.75737 0)
(0.706078 1.77337 0)
(0.659352 1.79672 0)
(0.423151 1.80834 0)
(0.333785 1.74618 0)
(0.776751 1.78631 0)
(0.706728 1.60286 0)
(0.462976 1.76476 0)
(0.77677 1.6427 0)
(0.795954 1.74219 0)
(0.496189 1.67238 0)
(0.532934 1.67328 0)
(0.397089 1.78432 0)
(0.552254 1.66341 0)
(0.200391 1.90094 0)
(0.943682 1.63311 0)
(0.786978 1.81229 0)
(0.350926 1.7362 0)
(0.422081 1.93616 0)
(0.806213 1.81397 0)
(0.67953 1.84116 0)
(0.708931 1.82805 0)
(0.517936 1.91811 0)
(0.757195 1.61187 0)
(0.702294 1.85066 0)
(0.811756 1.7954 0)
(0.968327 1.60003 0)
(0.814444 1.70779 0)
(0.680496 1.86461 0)
(0.573187 1.64008 0)
(0.901054 1.69316 0)
(0.22095 1.83379 0)
(0.721993 1.64367 0)
(0.763122 1.7642 0)
(0.902011 1.715 0)
(0.911799 1.65721 0)
(0.686478 1.78623 0)
(0.835022 1.6336 0)
(0.881494 1.71142 0)
(0.841267 1.64728 0)
(0.902648 1.63911 0)
(0.993302 1.71372 0)
(0.380334 1.94781 0)
(0.943061 1.7065 0)
(-0.59761 1.79381 0)
(-0.612573 1.78365 0)
(-0.563744 1.77802 0)
(-0.613036 1.7107 0)
(-0.5255 1.78003 0)
(-0.6753 1.76377 0)
(-0.508152 1.79762 0)
(-0.672693 1.72711 0)
(-0.713209 1.73677 0)
(-0.733204 1.713 0)
(-0.452714 1.77488 0)
(-0.768489 1.70425 0)
(-0.790147 1.69701 0)
(-0.430329 1.83547 0)
(-0.810586 1.68843 0)
(-0.393289 1.8299 0)
(-0.839184 1.68428 0)
(-0.368454 1.84537 0)
(-0.857143 1.67736 0)
(-0.346117 1.85258 0)
(-0.872675 1.67194 0)
(-0.88928 1.6712 0)
(-0.286604 1.84487 0)
(-0.939898 1.65611 0)
(-0.96858 1.64346 0)
(-0.27138 1.88358 0)
(-0.989545 1.63722 0)
(-1.00464 1.62821 0)
(-1.02155 1.61986 0)
(-0.236695 1.88995 0)
(-1.03918 1.61176 0)
(-1.05724 1.60338 0)
(-0.229441 1.92965 0)
(-1.07697 1.59281 0)
(-1.09626 1.58826 0)
(-1.11102 1.58653 0)
(-0.203958 1.94568 0)
(-1.1262 1.58182 0)
(-1.14466 1.57958 0)
(-1.16099 1.5726 0)
(-1.17948 1.56641 0)
(-0.166771 1.96203 0)
(-1.19634 1.56157 0)
(-0.146384 1.97671 0)
(-1.23208 1.55622 0)
(-1.24562 1.54408 0)
(-0.493038 1.89361 0)
(-0.6673 1.81542 0)
(-0.623977 1.84412 0)
(-0.577875 1.70654 0)
(-0.52889 1.71411 0)
(-0.60391 1.84242 0)
(-0.558238 1.84323 0)
(-0.691243 1.82757 0)
(-0.65834 1.65049 0)
(-0.703083 1.78966 0)
(-0.535405 1.84971 0)
(-0.475097 1.74208 0)
(-0.674834 1.65395 0)
(-0.500767 1.87718 0)
(-0.710354 1.6571 0)
(-0.741606 1.77459 0)
(-0.459937 1.8673 0)
(-0.760862 1.77739 0)
(-0.786685 1.76277 0)
(-0.443967 1.90656 0)
(-0.791617 1.62941 0)
(-0.813393 1.74552 0)
(-0.812872 1.63111 0)
(-0.418151 1.91479 0)
(-0.355018 1.78659 0)
(-0.832851 1.74022 0)
(-0.829334 1.61966 0)
(-0.450588 1.71351 0)
(-0.404353 1.90802 0)
(-0.336464 1.78738 0)
(-0.858603 1.74005 0)
(-0.8457 1.62436 0)
(-0.596022 1.67419 0)
(-0.389916 1.89844 0)
(-0.318416 1.80108 0)
(-0.357996 1.92528 0)
(-0.882454 1.61628 0)
(-0.426523 1.73975 0)
(-0.304879 1.83861 0)
(-0.893105 1.6069 0)
(-0.334267 1.91024 0)
(-0.923589 1.7078 0)
(-0.915276 1.60299 0)
(-0.955797 1.69955 0)
(-0.934369 1.6037 0)
(-0.970259 1.68738 0)
(-0.302546 1.9248 0)
(-0.954174 1.58971 0)
(-0.990046 1.68546 0)
(-0.28267 1.80574 0)
(-0.981716 1.59123 0)
(-0.245888 1.85138 0)
(-1.00712 1.67162 0)
(-0.999304 1.5823 0)
(-0.266275 1.81247 0)
(-1.02281 1.6627 0)
(-0.301418 1.95368 0)
(-1.01801 1.57533 0)
(-1.03938 1.65691 0)
(-1.03623 1.56935 0)
(-0.227504 1.85457 0)
(-1.05739 1.64877 0)
(-1.05393 1.56404 0)
(-0.282528 1.94872 0)
(-1.07583 1.64013 0)
(-1.07196 1.55941 0)
(-0.237804 1.95411 0)
(-1.09528 1.63173 0)
(-1.09279 1.55384 0)
(-1.11783 1.62482 0)
(-1.11779 1.55528 0)
(-1.13519 1.61496 0)
(-1.14843 1.59677 0)
(-1.15261 1.54937 0)
(-0.201943 1.97173 0)
(-0.252021 1.88488 0)
(-1.16654 1.59324 0)
(-0.471242 1.83266 0)
(-0.626203 1.7722 0)
(-1.17765 1.54508 0)
(-0.164065 1.91377 0)
(-1.18387 1.58691 0)
(-1.19755 1.54268 0)
(-0.218169 1.90161 0)
(-0.177899 1.97229 0)
(-0.187522 1.91939 0)
(-0.179452 1.94452 0)
(-0.157045 1.93846 0)
(-1.19929 1.57938 0)
(-0.255682 1.92047 0)
(-0.15034 1.95841 0)
(-0.20955 1.924 0)
(-1.21625 1.54104 0)
(-0.609545 1.74634 0)
(-0.475139 1.78468 0)
(-1.21466 1.56368 0)
(-0.642023 1.74741 0)
(-0.300379 1.8853 0)
(-1.23273 1.53896 0)
(-0.439774 1.79903 0)
(-0.163006 1.97753 0)
(-0.546998 1.68013 0)
(-0.626264 1.66116 0)
(-0.384104 1.74557 0)
(-0.521267 1.68654 0)
(-0.573491 1.81482 0)
(-0.540683 1.81416 0)
(-0.548447 1.87647 0)
(-0.585732 1.87079 0)
(-0.556514 1.74393 0)
(-0.665029 1.84668 0)
(-0.529914 1.88305 0)
(-0.571344 1.73995 0)
(-0.731785 1.7532 0)
(-0.732488 1.67901 0)
(-0.723705 1.60971 0)
(-0.607365 1.691 0)
(-0.602397 1.86767 0)
(-0.749132 1.66701 0)
(-0.757836 1.81113 0)
(-0.745703 1.61778 0)
(-0.74082 1.82168 0)
(-0.720021 1.8279 0)
(-0.774455 1.66507 0)
(-0.808506 1.72968 0)
(-0.775086 1.60442 0)
(-0.512534 1.89639 0)
(-0.347935 1.75211 0)
(-0.788174 1.65576 0)
(-0.644851 1.71793 0)
(-0.79958 1.59515 0)
(-0.339158 1.92968 0)
(-0.668593 1.63514 0)
(-0.816007 1.65887 0)
(-0.850546 1.77296 0)
(-0.816539 1.59762 0)
(-0.483946 1.76546 0)
(-0.827791 1.69786 0)
(-0.385347 1.8718 0)
(-0.437417 1.75483 0)
(-0.318238 1.93479 0)
(-0.87823 1.77145 0)
(-0.588987 1.69355 0)
(-0.403336 1.79614 0)
(-0.840774 1.71038 0)
(-0.89006 1.75502 0)
(-0.321823 1.76116 0)
(-0.476811 1.68007 0)
(-0.856185 1.59136 0)
(-0.363251 1.86925 0)
(-0.622521 1.68305 0)
(-0.862011 1.71399 0)
(-0.606407 1.8079 0)
(-0.905954 1.74501 0)
(-0.880627 1.63691 0)
(-0.666124 1.77658 0)
(-0.867308 1.586 0)
(-0.30102 1.7713 0)
(-0.344581 1.88224 0)
(-0.640654 1.78424 0)
(-0.888439 1.58871 0)
(-0.631805 1.86931 0)
(-0.693973 1.77099 0)
(-0.430391 1.92061 0)
(-0.825322 1.80296 0)
(-0.412689 1.74715 0)
(-0.915505 1.62956 0)
(-0.902305 1.58016 0)
(-0.413995 1.8197 0)
(-0.43153 1.87624 0)
(-0.496677 1.91582 0)
(-0.3274 1.83247 0)
(-0.955597 1.71901 0)
(-0.624132 1.62533 0)
(-0.920958 1.57403 0)
(-0.684897 1.80921 0)
(-0.941421 1.67359 0)
(-0.978231 1.72373 0)
(-0.589228 1.73052 0)
(-0.691883 1.85572 0)
(-0.952699 1.61061 0)
(-0.656822 1.73286 0)
(-0.938933 1.56388 0)
(-0.473428 1.85119 0)
(-0.64503 1.82933 0)
(-0.959369 1.66872 0)
(-0.458539 1.68778 0)
(-0.984753 1.70251 0)
(-0.419035 1.78812 0)
(-0.309649 1.90139 0)
(-0.975312 1.61951 0)
(-0.963824 1.56944 0)
(-0.664718 1.70582 0)
(-0.98181 1.66361 0)
(-0.450199 1.83926 0)
(-1.00819 1.70171 0)
(-0.284391 1.89709 0)
(-0.993844 1.60994 0)
(-0.697093 1.75382 0)
(-0.224072 1.83255 0)
(-0.987595 1.56129 0)
(-0.997753 1.65465 0)
(-1.02551 1.68598 0)
(-0.326784 1.89241 0)
(-0.680184 1.74564 0)
(-0.627151 1.72921 0)
(-1.01097 1.60148 0)
(-0.449201 1.88422 0)
(-0.285083 1.78767 0)
(-1.00753 1.55609 0)
(-0.266926 1.86411 0)
(-1.0143 1.646 0)
(-1.04724 1.67716 0)
(-0.445736 1.81669 0)
(-0.429753 1.82076 0)
(-0.467533 1.72677 0)
(-1.02877 1.59371 0)
(-0.30359 1.79742 0)
(-0.486756 1.72296 0)
(-0.456029 1.92663 0)
(-1.02684 1.55191 0)
(-1.03108 1.63806 0)
(-1.06544 1.66799 0)
(-0.278971 1.82827 0)
(-0.592934 1.71129 0)
(-1.04634 1.58623 0)
(-1.04589 1.54818 0)
(-0.633052 1.70001 0)
(-1.04885 1.63002 0)
(-0.297436 1.81656 0)
(-0.288931 1.86616 0)
(-1.08332 1.65851 0)
(-0.275752 1.9232 0)
(-0.468815 1.89636 0)
(-1.06152 1.57884 0)
(-0.608272 1.73127 0)
(-0.466731 1.75465 0)
(-0.208388 1.84168 0)
(-1.06489 1.54451 0)
(-0.252074 1.9627 0)
(-0.55434 1.70589 0)
(-0.310572 1.85779 0)
(-1.06736 1.62153 0)
(-1.10143 1.64942 0)
(-1.07762 1.57402 0)
(-0.248292 1.82999 0)
(-0.440616 1.85869 0)
(-0.690983 1.72216 0)
(-1.08221 1.53982 0)
(-0.473021 1.86299 0)
(-0.249464 1.8683 0)
(-0.260012 1.90157 0)
(-0.626781 1.80284 0)
(-0.461364 1.85219 0)
(-0.438086 1.72651 0)
(-0.293921 1.91125 0)
(-1.0871 1.61299 0)
(-0.266024 1.84478 0)
(-0.227233 1.96865 0)
(-1.11884 1.64263 0)
(-0.452529 1.79411 0)
(-1.0946 1.57273 0)
(-0.440569 1.69682 0)
(-0.317235 1.91586 0)
(-0.375586 1.77931 0)
(-1.10688 1.54035 0)
(-0.231181 1.87356 0)
(-1.10859 1.60335 0)
(-0.247246 1.93692 0)
(-0.282763 1.96365 0)
(-0.214081 1.95994 0)
(-1.13712 1.62843 0)
(-0.291118 1.9357 0)
(-0.625722 1.82632 0)
(-0.265566 1.94626 0)
(-0.245218 1.81033 0)
(-0.502582 1.71531 0)
(-0.263682 1.79308 0)
(-1.11133 1.57278 0)
(-0.615492 1.76045 0)
(-0.707727 1.81038 0)
(-0.19021 1.96196 0)
(-0.239119 1.91012 0)
(-0.411907 1.83669 0)
(-0.318604 1.8154 0)
(-1.13015 1.59985 0)
(-0.273476 1.90647 0)
(-1.13229 1.53987 0)
(-0.647665 1.81161 0)
(-0.594509 1.751 0)
(-1.13524 1.56523 0)
(-1.15108 1.61337 0)
(-0.223105 1.94617 0)
(-0.504297 1.77671 0)
(-0.56098 1.64899 0)
(-0.555113 1.80043 0)
(-0.375349 1.72399 0)
(-0.524275 1.79877 0)
(-0.539713 1.801 0)
(-0.527405 1.76217 0)
(-0.532338 1.90307 0)
(-0.560079 1.76093 0)
(-0.393963 1.72986 0)
(-0.727297 1.62714 0)
(-0.798945 1.67089 0)
(-0.572547 1.79688 0)
(-0.783883 1.67978 0)
(-0.534625 1.65559 0)
(-0.686877 1.60775 0)
(-0.704953 1.64039 0)
(-0.680684 1.66657 0)
(-0.59251 1.85529 0)
(-0.514874 1.66541 0)
(-0.343422 1.83771 0)
(-0.613157 1.64941 0)
(-0.747324 1.75751 0)
(-0.670944 1.86385 0)
(-0.401866 1.8822 0)
(-0.569134 1.85811 0)
(-0.53866 1.69711 0)
(-0.363827 1.75924 0)
(-0.626169 1.88226 0)
(-0.566935 1.69003 0)
(-0.732282 1.73693 0)
(-0.57043 1.83232 0)
(-0.344469 1.76942 0)
(-0.543697 1.83238 0)
(-0.724049 1.84661 0)
(-0.839348 1.79274 0)
(-0.848795 1.72858 0)
(-0.709636 1.71828 0)
(-0.587106 1.80166 0)
(-0.554243 1.89891 0)
(-0.544156 1.76409 0)
(-0.754684 1.63204 0)
(-0.587721 1.83371 0)
(-0.705124 1.83962 0)
(-0.770522 1.62459 0)
(-0.720838 1.78107 0)
(-0.592492 1.88946 0)
(-0.547445 1.72521 0)
(-0.678956 1.68709 0)
(-0.551312 1.85732 0)
(-0.695302 1.67171 0)
(-0.491626 1.79306 0)
(-0.685896 1.64264 0)
(-0.719295 1.69409 0)
(-0.661527 1.83143 0)
(-0.798816 1.71517 0)
(-0.369307 1.74029 0)
(-0.751573 1.7405 0)
(-0.577468 1.75661 0)
(-0.580577 1.84691 0)
(-0.848047 1.75023 0)
(-0.530143 1.8659 0)
(-0.675092 1.82874 0)
(-0.756736 1.59647 0)
(-0.556653 1.81766 0)
(-0.823075 1.67617 0)
(-0.357003 1.90224 0)
(-0.755924 1.72273 0)
(-0.638518 1.67234 0)
(-0.876512 1.7485 0)
(-0.660772 1.67274 0)
(-0.38234 1.75988 0)
(-0.537119 1.74522 0)
(-0.524208 1.82006 0)
(-0.669846 1.61687 0)
(-0.742027 1.64196 0)
(-0.86352 1.78721 0)
(-0.769289 1.82312 0)
(-0.694093 1.65872 0)
(-0.511397 1.75645 0)
(-0.466326 1.80756 0)
(-0.706082 1.62463 0)
(-0.812676 1.76461 0)
(-0.801762 1.64605 0)
(-0.7105 1.67613 0)
(-0.515674 1.73307 0)
(-0.758487 1.8332 0)
(-0.483608 1.87225 0)
(-0.861066 1.69452 0)
(-0.638987 1.6544 0)
(-0.835101 1.76257 0)
(-0.488216 1.80973 0)
(-0.49199 1.74365 0)
(-0.433672 1.78303 0)
(-0.800867 1.77948 0)
(-0.398891 1.74794 0)
(-0.812167 1.61305 0)
(-0.800772 1.58044 0)
(-0.214959 1.97912 0)
(-0.835674 1.66467 0)
(-0.404311 1.94002 0)
(-0.419964 1.7102 0)
(-0.608238 1.8243 0)
(-0.613834 1.66816 0)
(-0.782453 1.58618 0)
(-0.818637 1.58034 0)
(-0.899827 1.59622 0)
(-0.881366 1.69043 0)
(-0.568916 1.72007 0)
(-0.364872 1.94416 0)
(-0.39369 1.85186 0)
(-0.875137 1.73246 0)
(-0.333918 1.86752 0)
(-0.75069 1.79351 0)
(-0.856511 1.63638 0)
(-0.342745 1.94967 0)
(-0.516593 1.84122 0)
(-0.630738 1.64118 0)
(-0.835171 1.60173 0)
(-0.490517 1.85415 0)
(-0.893514 1.73509 0)
(-0.417187 1.76784 0)
(-0.852352 1.66147 0)
(-0.847762 1.69641 0)
(-0.84211 1.58108 0)
(-0.502516 1.68979 0)
(-0.397268 1.71043 0)
(-0.626024 1.74825 0)
(-0.317504 1.78461 0)
(-0.568365 1.87688 0)
(-0.769587 1.79945 0)
(-0.742888 1.84048 0)
(-0.91749 1.58611 0)
(-0.714422 1.75612 0)
(-0.64327 1.87811 0)
(-0.909359 1.56659 0)
(-0.904473 1.67522 0)
(-0.413517 1.8654 0)
(-0.339147 1.82079 0)
(-0.584198 1.77744 0)
(-0.903867 1.61692 0)
(-0.267717 1.96572 0)
(-0.61119 1.88314 0)
(-0.869785 1.62485 0)
(-0.91214 1.76019 0)
(-0.476067 1.92004 0)
(-0.649138 1.68988 0)
(-0.659116 1.75117 0)
(-0.420306 1.89594 0)
(-0.424407 1.85089 0)
(-0.696582 1.68511 0)
(-0.940811 1.68788 0)
(-0.747323 1.69443 0)
(-0.589983 1.65201 0)
(-0.823706 1.72201 0)
(-0.680388 1.84117 0)
(-0.335183 1.80633 0)
(-0.856456 1.60813 0)
(-0.398842 1.92414 0)
(-0.860782 1.5718 0)
(-0.590674 1.81647 0)
(-0.466434 1.70512 0)
(-0.868862 1.65281 0)
(-0.572422 1.66697 0)
(-0.928486 1.75099 0)
(-0.925719 1.64332 0)
(-0.727463 1.76579 0)
(-0.494237 1.83175 0)
(-0.703174 1.70037 0)
(-0.921316 1.73099 0)
(-0.376515 1.82581 0)
(-0.513786 1.70372 0)
(-0.42057 1.93524 0)
(-0.51485 1.88195 0)
(-0.934829 1.58416 0)
(-0.824976 1.78048 0)
(-0.643913 1.85188 0)
(-0.736953 1.59914 0)
(-0.927413 1.66846 0)
(-0.922167 1.56151 0)
(-0.794947 1.61029 0)
(-0.927424 1.61895 0)
(-0.892461 1.62763 0)
(-0.356407 1.80503 0)
(-0.642611 1.73535 0)
(-0.50566 1.81374 0)
(-0.900169 1.76653 0)
(-0.396682 1.76185 0)
(-0.486158 1.70111 0)
(-0.545692 1.78328 0)
(-0.646907 1.62686 0)
(-0.955309 1.68836 0)
(-0.41282 1.73075 0)
(-0.471166 1.87916 0)
(-0.921084 1.68692 0)
(-0.601918 1.76787 0)
(-0.877489 1.59952 0)
(-0.380167 1.80459 0)
(-0.616116 1.86032 0)
(-0.619198 1.8731 0)
(-0.452138 1.74117 0)
(-0.945664 1.74222 0)
(-0.882106 1.57168 0)
(-0.696332 1.73803 0)
(-0.763864 1.68076 0)
(-0.890649 1.65292 0)
(-0.940605 1.7263 0)
(-0.327484 1.852 0)
(-0.510658 1.86271 0)
(-0.317862 1.87549 0)
(-0.68676 1.70555 0)
(-0.688951 1.62398 0)
(-0.63673 1.76082 0)
(-0.730254 1.80144 0)
(-0.374212 1.88753 0)
(-0.378177 1.91598 0)
(-0.962236 1.73327 0)
(-0.186573 1.87605 0)
(-0.76068 1.65104 0)
(-0.439435 1.93378 0)
(-0.769377 1.74646 0)
(-0.731211 1.65622 0)
(-0.399336 1.81528 0)
(-0.606638 1.63053 0)
(-0.354098 1.82605 0)
(-0.792103 1.79233 0)
(-0.573754 1.8945 0)
(-0.779728 1.72809 0)
(-0.412793 1.92403 0)
(-0.589239 1.63397 0)
(-0.650583 1.76869 0)
(-0.825411 1.64285 0)
(-0.968996 1.70606 0)
(-0.86363 1.75744 0)
(-0.204101 1.86018 0)
(-0.709579 1.76954 0)
(-0.174976 1.89249 0)
(-0.334595 1.74541 0)
(-0.776688 1.78429 0)
(-0.707213 1.6048 0)
(-0.422366 1.80481 0)
(-0.777547 1.64232 0)
(-0.796191 1.74173 0)
(-0.495274 1.67265 0)
(-0.532668 1.67349 0)
(-0.55215 1.66351 0)
(-0.397043 1.77846 0)
(-0.195296 1.89515 0)
(-0.943922 1.63321 0)
(-0.78606 1.81104 0)
(-0.351162 1.7356 0)
(-0.806003 1.81355 0)
(-0.758773 1.61179 0)
(-0.514962 1.91334 0)
(-0.811657 1.79492 0)
(-0.968683 1.60006 0)
(-0.654793 1.86949 0)
(-0.814766 1.70772 0)
(-0.57315 1.64009 0)
(-0.9014 1.69315 0)
(-0.390042 1.9457 0)
(-0.719584 1.64284 0)
(-0.763519 1.76257 0)
(-0.902068 1.71509 0)
(-0.912184 1.65713 0)
(-0.681907 1.79025 0)
(-0.835389 1.63353 0)
(-0.881635 1.71151 0)
(-0.382381 1.93435 0)
(-0.65918 1.79517 0)
(-0.841706 1.64717 0)
(-0.902991 1.6391 0)
(-0.993288 1.71375 0)
(-0.213452 1.88009 0)
(-0.379603 1.95308 0)
(-0.943113 1.70655 0)
(-0.324081 1.95445 0)
(0.593942 1.79222 0.1)
(0.606447 1.78326 0.1)
(0.562369 1.7757 0.1)
(0.612827 1.71129 0.1)
(0.53027 1.78058 0.1)
(0.676063 1.76426 0.1)
(0.510906 1.7853 0.1)
(0.672583 1.72785 0.1)
(0.712443 1.73752 0.1)
(0.492019 1.82921 0.1)
(0.732694 1.71351 0.1)
(0.768027 1.70455 0.1)
(0.789739 1.69717 0.1)
(0.429394 1.83681 0.1)
(0.810285 1.68857 0.1)
(0.39363 1.83452 0.1)
(0.838876 1.6843 0.1)
(0.369099 1.84834 0.1)
(0.856743 1.67739 0.1)
(0.349806 1.85165 0.1)
(0.872277 1.67197 0.1)
(0.889004 1.67117 0.1)
(0.285303 1.84152 0.1)
(0.939639 1.65611 0.1)
(0.968333 1.64344 0.1)
(0.277953 1.88294 0.1)
(0.989233 1.63727 0.1)
(1.00442 1.6282 0.1)
(1.02141 1.61981 0.1)
(0.224562 1.89562 0.1)
(1.03901 1.61171 0.1)
(1.05723 1.6033 0.1)
(0.23143 1.91918 0.1)
(1.07703 1.59276 0.1)
(1.09633 1.58822 0.1)
(1.11104 1.58648 0.1)
(0.200416 1.94976 0.1)
(1.12623 1.5818 0.1)
(1.14476 1.57959 0.1)
(1.16105 1.57261 0.1)
(1.17951 1.56643 0.1)
(0.167734 1.95675 0.1)
(1.19635 1.56159 0.1)
(0.146795 1.9745 0.1)
(1.23208 1.55623 0.1)
(1.24562 1.54408 0.1)
(0.613844 1.84218 0.1)
(0.577825 1.7066 0.1)
(0.529432 1.71335 0.1)
(0.59811 1.83572 0.1)
(0.551255 1.84959 0.1)
(0.690271 1.82667 0.1)
(0.658761 1.65068 0.1)
(0.7034 1.78919 0.1)
(0.530028 1.84771 0.1)
(0.474567 1.73888 0.1)
(0.675489 1.65439 0.1)
(0.499032 1.87673 0.1)
(0.7103 1.6592 0.1)
(0.740759 1.77721 0.1)
(0.460192 1.86698 0.1)
(0.760427 1.77999 0.1)
(0.78642 1.7637 0.1)
(0.453912 1.88931 0.1)
(0.790971 1.62959 0.1)
(0.813145 1.74577 0.1)
(0.812429 1.63124 0.1)
(0.432866 1.89636 0.1)
(0.352131 1.79312 0.1)
(0.832752 1.7403 0.1)
(0.828969 1.61975 0.1)
(0.449045 1.71243 0.1)
(0.409816 1.89829 0.1)
(0.329205 1.78511 0.1)
(0.858488 1.73997 0.1)
(0.845335 1.62445 0.1)
(0.596043 1.67432 0.1)
(0.39246 1.89584 0.1)
(0.315294 1.79786 0.1)
(0.357717 1.92592 0.1)
(0.88214 1.61624 0.1)
(0.426562 1.73975 0.1)
(0.303514 1.8345 0.1)
(0.892781 1.60685 0.1)
(0.339198 1.91261 0.1)
(0.923563 1.70772 0.1)
(0.914748 1.60315 0.1)
(0.955847 1.69945 0.1)
(0.933902 1.60372 0.1)
(0.969984 1.68746 0.1)
(0.300931 1.91916 0.1)
(0.953874 1.58962 0.1)
(0.989998 1.68543 0.1)
(0.281821 1.80313 0.1)
(0.981454 1.59118 0.1)
(0.242602 1.84409 0.1)
(1.00697 1.67164 0.1)
(0.999096 1.58225 0.1)
(0.266376 1.80914 0.1)
(1.02269 1.66271 0.1)
(1.01791 1.57526 0.1)
(1.03925 1.65691 0.1)
(1.03623 1.56931 0.1)
(0.225539 1.85244 0.1)
(1.05733 1.64874 0.1)
(1.05393 1.56399 0.1)
(0.290741 1.94325 0.1)
(1.07589 1.64008 0.1)
(1.07196 1.55936 0.1)
(0.239325 1.94848 0.1)
(1.09527 1.63169 0.1)
(1.09284 1.55383 0.1)
(1.11788 1.6248 0.1)
(1.11787 1.55529 0.1)
(1.1352 1.61494 0.1)
(1.14846 1.59676 0.1)
(1.15262 1.54937 0.1)
(0.203252 1.97107 0.1)
(0.252573 1.88629 0.1)
(1.16656 1.59325 0.1)
(0.469962 1.82937 0.1)
(0.620483 1.77553 0.1)
(1.17767 1.54509 0.1)
(0.169702 1.91024 0.1)
(1.18389 1.58692 0.1)
(1.19755 1.54269 0.1)
(0.184448 1.9733 0.1)
(0.186672 1.92055 0.1)
(0.178704 1.93979 0.1)
(0.160063 1.92923 0.1)
(1.1993 1.57939 0.1)
(0.262725 1.913 0.1)
(0.149473 1.95099 0.1)
(0.208527 1.92642 0.1)
(1.21625 1.54106 0.1)
(0.60822 1.74756 0.1)
(0.471284 1.78583 0.1)
(1.21466 1.56369 0.1)
(0.642181 1.75027 0.1)
(0.305437 1.88189 0.1)
(1.23273 1.53896 0.1)
(0.432562 1.79901 0.1)
(0.165933 1.97426 0.1)
(0.547176 1.67995 0.1)
(0.626395 1.66121 0.1)
(0.387471 1.74576 0.1)
(0.521846 1.68609 0.1)
(0.569283 1.81289 0.1)
(0.532377 1.80992 0.1)
(0.536368 1.88825 0.1)
(0.587976 1.86666 0.1)
(0.556431 1.74303 0.1)
(0.570998 1.73952 0.1)
(0.730932 1.75461 0.1)
(0.731878 1.67958 0.1)
(0.72396 1.61016 0.1)
(0.607314 1.69137 0.1)
(0.603237 1.86874 0.1)
(0.748347 1.66746 0.1)
(0.76289 1.81468 0.1)
(0.741324 1.61863 0.1)
(0.748317 1.82293 0.1)
(0.729013 1.82136 0.1)
(0.773832 1.66534 0.1)
(0.808244 1.72985 0.1)
(0.774349 1.60446 0.1)
(0.346918 1.7537 0.1)
(0.787612 1.65596 0.1)
(0.644773 1.71883 0.1)
(0.474239 1.88737 0.1)
(0.799252 1.59519 0.1)
(0.341811 1.9334 0.1)
(0.669385 1.63535 0.1)
(0.815519 1.65897 0.1)
(0.850397 1.77296 0.1)
(0.816259 1.59766 0.1)
(0.488005 1.75852 0.1)
(0.827625 1.69795 0.1)
(0.38548 1.87107 0.1)
(0.440268 1.75442 0.1)
(0.878247 1.77141 0.1)
(0.588958 1.69366 0.1)
(0.401926 1.80195 0.1)
(0.840505 1.71035 0.1)
(0.889978 1.75494 0.1)
(0.320134 1.76142 0.1)
(0.478558 1.68091 0.1)
(0.480084 1.91671 0.1)
(0.8559 1.59152 0.1)
(0.367998 1.86832 0.1)
(0.622542 1.68337 0.1)
(0.861609 1.71392 0.1)
(0.602163 1.80547 0.1)
(0.905967 1.74493 0.1)
(0.880234 1.637 0.1)
(0.669055 1.77943 0.1)
(0.867093 1.58599 0.1)
(0.299875 1.77061 0.1)
(0.352397 1.89069 0.1)
(0.643917 1.78545 0.1)
(0.888102 1.58878 0.1)
(0.30356 1.95124 0.1)
(0.618718 1.8612 0.1)
(0.691237 1.76903 0.1)
(0.440096 1.92955 0.1)
(0.412691 1.81861 0.1)
(0.825322 1.80312 0.1)
(0.420632 1.75664 0.1)
(0.451612 1.73811 0.1)
(0.914974 1.62978 0.1)
(0.486514 1.85218 0.1)
(0.435087 1.86801 0.1)
(0.901886 1.58029 0.1)
(0.322032 1.82696 0.1)
(0.9555 1.719 0.1)
(0.624196 1.62542 0.1)
(0.920632 1.57398 0.1)
(0.681393 1.80914 0.1)
(0.941242 1.67356 0.1)
(0.978114 1.72376 0.1)
(0.588663 1.73074 0.1)
(0.952418 1.61048 0.1)
(0.444889 1.87777 0.1)
(0.41815 1.79595 0.1)
(0.656933 1.73418 0.1)
(0.93867 1.56387 0.1)
(0.634391 1.83487 0.1)
(0.449986 1.83719 0.1)
(0.959305 1.66863 0.1)
(0.459424 1.69283 0.1)
(0.984728 1.70248 0.1)
(0.290779 1.89607 0.1)
(0.97501 1.61948 0.1)
(0.963679 1.56935 0.1)
(0.664677 1.70644 0.1)
(0.981645 1.66361 0.1)
(0.468293 1.84802 0.1)
(1.00816 1.7017 0.1)
(0.444703 1.85585 0.1)
(0.312325 1.90401 0.1)
(0.993499 1.60996 0.1)
(0.695869 1.75433 0.1)
(0.235861 1.82738 0.1)
(0.987509 1.56124 0.1)
(0.997659 1.6546 0.1)
(0.266932 1.94198 0.1)
(1.02544 1.68599 0.1)
(0.332837 1.89496 0.1)
(0.67991 1.7462 0.1)
(0.62676 1.73056 0.1)
(1.01082 1.60141 0.1)
(0.284238 1.78624 0.1)
(1.0075 1.55606 0.1)
(0.263103 1.8662 0.1)
(1.01409 1.64603 0.1)
(1.04719 1.67716 0.1)
(0.428661 1.82063 0.1)
(0.462484 1.7243 0.1)
(1.02862 1.59364 0.1)
(0.301608 1.79508 0.1)
(0.48854 1.7269 0.1)
(1.0268 1.55187 0.1)
(1.03099 1.63802 0.1)
(0.279912 1.92839 0.1)
(1.0654 1.66798 0.1)
(0.277966 1.82426 0.1)
(0.220479 1.95229 0.1)
(0.592731 1.71157 0.1)
(0.459847 1.92727 0.1)
(1.04638 1.58618 0.1)
(0.462917 1.88199 0.1)
(1.04587 1.54814 0.1)
(0.632994 1.70048 0.1)
(0.295705 1.93137 0.1)
(1.04875 1.62997 0.1)
(0.29568 1.81322 0.1)
(0.290455 1.86368 0.1)
(1.08334 1.65849 0.1)
(1.06147 1.57874 0.1)
(0.607548 1.73214 0.1)
(0.208948 1.84555 0.1)
(1.06487 1.54447 0.1)
(0.250794 1.93123 0.1)
(0.554494 1.70552 0.1)
(0.310379 1.85281 0.1)
(1.06739 1.62146 0.1)
(0.445189 1.81321 0.1)
(1.1015 1.6494 0.1)
(0.240324 1.96809 0.1)
(1.07771 1.574 0.1)
(0.2519 1.82192 0.1)
(0.690641 1.72266 0.1)
(0.267234 1.89435 0.1)
(1.08222 1.5398 0.1)
(0.242346 1.86183 0.1)
(0.288041 1.91309 0.1)
(0.623704 1.79929 0.1)
(0.480761 1.87091 0.1)
(0.436946 1.7257 0.1)
(1.08706 1.61291 0.1)
(0.262636 1.83986 0.1)
(1.11883 1.64262 0.1)
(1.09462 1.57267 0.1)
(0.437776 1.69665 0.1)
(0.375318 1.78415 0.1)
(0.466114 1.81236 0.1)
(0.457043 1.79561 0.1)
(0.22495 1.93738 0.1)
(1.10691 1.54035 0.1)
(0.236652 1.87772 0.1)
(1.10861 1.6033 0.1)
(0.245164 1.90286 0.1)
(0.201313 1.88295 0.1)
(0.183085 1.95848 0.1)
(1.13716 1.62842 0.1)
(0.61805 1.82292 0.1)
(0.324618 1.92099 0.1)
(0.282283 1.95805 0.1)
(0.247145 1.80746 0.1)
(0.502432 1.7144 0.1)
(0.263656 1.79173 0.1)
(1.11139 1.57276 0.1)
(0.612726 1.76245 0.1)
(0.705552 1.80646 0.1)
(0.41148 1.83687 0.1)
(0.484113 1.80365 0.1)
(0.315883 1.81143 0.1)
(0.505863 1.85812 0.1)
(1.13025 1.59984 0.1)
(0.277453 1.90437 0.1)
(1.1323 1.53986 0.1)
(0.593094 1.75131 0.1)
(1.13528 1.56522 0.1)
(0.179236 1.89209 0.1)
(0.199331 1.86002 0.1)
(1.1511 1.61336 0.1)
(0.508817 1.76498 0.1)
(0.561037 1.64895 0.1)
(0.549612 1.79592 0.1)
(0.375363 1.72368 0.1)
(0.522631 1.80044 0.1)
(0.534341 1.79587 0.1)
(0.532769 1.90781 0.1)
(0.526384 1.76146 0.1)
(0.559662 1.75948 0.1)
(0.39248 1.7274 0.1)
(0.728983 1.6336 0.1)
(0.798485 1.67103 0.1)
(0.569385 1.7946 0.1)
(0.783409 1.67993 0.1)
(0.534745 1.65549 0.1)
(0.687672 1.60735 0.1)
(0.70882 1.64284 0.1)
(0.681055 1.66716 0.1)
(0.592728 1.85077 0.1)
(0.515238 1.6652 0.1)
(0.34658 1.8347 0.1)
(0.613214 1.64955 0.1)
(0.51346 1.83953 0.1)
(0.746624 1.75902 0.1)
(0.4029 1.87971 0.1)
(0.570975 1.86029 0.1)
(0.539009 1.69662 0.1)
(0.363462 1.7619 0.1)
(0.657847 1.86839 0.1)
(0.297162 1.96166 0.1)
(0.567017 1.68988 0.1)
(0.73157 1.73774 0.1)
(0.635695 1.8563 0.1)
(0.566483 1.83224 0.1)
(0.623984 1.87822 0.1)
(0.538266 1.83231 0.1)
(0.341401 1.77315 0.1)
(0.839358 1.79283 0.1)
(0.848524 1.72853 0.1)
(0.709171 1.71879 0.1)
(0.555271 1.90011 0.1)
(0.583776 1.79977 0.1)
(0.544514 1.7624 0.1)
(0.753358 1.63329 0.1)
(0.584182 1.83093 0.1)
(0.654779 1.84654 0.1)
(0.769324 1.62498 0.1)
(0.721122 1.78357 0.1)
(0.583851 1.88609 0.1)
(0.547711 1.72451 0.1)
(0.678975 1.68756 0.1)
(0.544042 1.87129 0.1)
(0.695414 1.67244 0.1)
(0.489881 1.78229 0.1)
(0.687347 1.6433 0.1)
(0.718892 1.6946 0.1)
(0.798475 1.71536 0.1)
(0.369703 1.74094 0.1)
(0.750958 1.74133 0.1)
(0.576412 1.75598 0.1)
(0.57886 1.84558 0.1)
(0.847941 1.75022 0.1)
(0.328133 1.94929 0.1)
(0.755871 1.59615 0.1)
(0.355316 1.90994 0.1)
(0.822702 1.67624 0.1)
(0.75545 1.72331 0.1)
(0.63864 1.67253 0.1)
(0.876511 1.74841 0.1)
(0.660958 1.673 0.1)
(0.549377 1.81644 0.1)
(0.664504 1.82563 0.1)
(0.383821 1.76297 0.1)
(0.422467 1.87578 0.1)
(0.537413 1.74374 0.1)
(0.670492 1.61691 0.1)
(0.74142 1.64365 0.1)
(0.86351 1.7872 0.1)
(0.771599 1.82468 0.1)
(0.694792 1.65981 0.1)
(0.7112 1.62423 0.1)
(0.524776 1.86456 0.1)
(0.812581 1.76501 0.1)
(0.513 1.75001 0.1)
(0.801242 1.64622 0.1)
(0.710245 1.67689 0.1)
(0.760942 1.83493 0.1)
(0.517241 1.73145 0.1)
(0.860771 1.69449 0.1)
(0.639206 1.65441 0.1)
(0.834992 1.76267 0.1)
(0.404598 1.7508 0.1)
(0.499943 1.74107 0.1)
(0.800858 1.78027 0.1)
(0.811789 1.61312 0.1)
(0.507974 1.80888 0.1)
(0.800611 1.58046 0.1)
(0.83526 1.66474 0.1)
(0.311841 1.93457 0.1)
(0.371817 1.92525 0.1)
(0.405004 1.93447 0.1)
(0.418834 1.71005 0.1)
(0.6139 1.66829 0.1)
(0.60293 1.82083 0.1)
(0.782163 1.58618 0.1)
(0.818491 1.58035 0.1)
(0.899465 1.59621 0.1)
(0.88104 1.6904 0.1)
(0.568852 1.71986 0.1)
(0.21532 1.87297 0.1)
(0.389774 1.85321 0.1)
(0.874892 1.73237 0.1)
(0.365654 1.93869 0.1)
(0.429433 1.85341 0.1)
(0.749725 1.79956 0.1)
(0.856089 1.63653 0.1)
(0.349903 1.87015 0.1)
(0.630897 1.64125 0.1)
(0.834867 1.60185 0.1)
(0.89331 1.73501 0.1)
(0.354592 1.94903 0.1)
(0.416523 1.77679 0.1)
(0.851989 1.66151 0.1)
(0.847478 1.69639 0.1)
(0.841942 1.58113 0.1)
(0.503771 1.68902 0.1)
(0.396592 1.71009 0.1)
(0.624759 1.7509 0.1)
(0.314619 1.78308 0.1)
(0.640134 1.87219 0.1)
(0.770684 1.80223 0.1)
(0.736929 1.83735 0.1)
(0.916988 1.5862 0.1)
(0.713128 1.75747 0.1)
(0.909062 1.56664 0.1)
(0.904169 1.67523 0.1)
(0.463637 1.901 0.1)
(0.501775 1.9193 0.1)
(0.56379 1.87954 0.1)
(0.339729 1.81922 0.1)
(0.581772 1.77635 0.1)
(0.903468 1.61697 0.1)
(0.606012 1.88743 0.1)
(0.869391 1.62498 0.1)
(0.912053 1.76016 0.1)
(0.649164 1.69025 0.1)
(0.659882 1.75306 0.1)
(0.696472 1.6856 0.1)
(0.940649 1.68785 0.1)
(0.746801 1.69483 0.1)
(0.590023 1.65207 0.1)
(0.823422 1.72206 0.1)
(0.331517 1.80064 0.1)
(0.856122 1.60824 0.1)
(0.407659 1.91544 0.1)
(0.316181 1.9606 0.1)
(0.411009 1.8578 0.1)
(0.441085 1.78084 0.1)
(0.860659 1.5718 0.1)
(0.5867 1.814 0.1)
(0.475463 1.71087 0.1)
(0.868569 1.65277 0.1)
(0.259207 1.96103 0.1)
(0.572508 1.66688 0.1)
(0.928388 1.75097 0.1)
(0.925275 1.64344 0.1)
(0.726497 1.76786 0.1)
(0.377503 1.83014 0.1)
(0.702882 1.70081 0.1)
(0.921195 1.73095 0.1)
(0.523342 1.82298 0.1)
(0.514642 1.70287 0.1)
(0.934393 1.58418 0.1)
(0.825008 1.78077 0.1)
(0.358132 1.81282 0.1)
(0.73677 1.59697 0.1)
(0.927291 1.66837 0.1)
(0.921844 1.56157 0.1)
(0.794418 1.61039 0.1)
(0.927032 1.61894 0.1)
(0.892087 1.62768 0.1)
(0.642569 1.73707 0.1)
(0.450131 1.9121 0.1)
(0.398891 1.76688 0.1)
(0.72605 1.80333 0.1)
(0.38698 1.93016 0.1)
(0.900115 1.76649 0.1)
(0.489938 1.69874 0.1)
(0.380212 1.80994 0.1)
(0.54696 1.77852 0.1)
(0.647191 1.62691 0.1)
(0.955146 1.68836 0.1)
(0.222424 1.96917 0.1)
(0.410574 1.73279 0.1)
(0.920993 1.68683 0.1)
(0.598905 1.76822 0.1)
(0.877145 1.59961 0.1)
(0.604385 1.85488 0.1)
(0.463277 1.74663 0.1)
(0.945545 1.74222 0.1)
(0.881923 1.57169 0.1)
(0.695691 1.73863 0.1)
(0.763282 1.68101 0.1)
(0.89032 1.65294 0.1)
(0.510783 1.90221 0.1)
(0.330959 1.84606 0.1)
(0.940613 1.72624 0.1)
(0.646902 1.81483 0.1)
(0.723236 1.84528 0.1)
(0.686588 1.70606 0.1)
(0.690758 1.62403 0.1)
(0.635935 1.76777 0.1)
(0.325926 1.87147 0.1)
(0.374175 1.88874 0.1)
(0.96225 1.73324 0.1)
(0.372593 1.90956 0.1)
(0.188775 1.87544 0.1)
(0.759863 1.65173 0.1)
(0.396592 1.81969 0.1)
(0.768942 1.74733 0.1)
(0.729703 1.65657 0.1)
(0.424493 1.9182 0.1)
(0.606676 1.63058 0.1)
(0.361114 1.83021 0.1)
(0.491112 1.89506 0.1)
(0.792442 1.79356 0.1)
(0.779336 1.7285 0.1)
(0.589258 1.63401 0.1)
(0.518055 1.883 0.1)
(0.654112 1.77114 0.1)
(0.824963 1.64298 0.1)
(0.96893 1.70604 0.1)
(0.389882 1.91237 0.1)
(0.863467 1.75737 0.1)
(0.706078 1.77337 0.1)
(0.659352 1.79672 0.1)
(0.423151 1.80834 0.1)
(0.333785 1.74618 0.1)
(0.776751 1.78631 0.1)
(0.706728 1.60286 0.1)
(0.462976 1.76476 0.1)
(0.77677 1.6427 0.1)
(0.795954 1.74219 0.1)
(0.496189 1.67238 0.1)
(0.532934 1.67328 0.1)
(0.397089 1.78432 0.1)
(0.552254 1.66341 0.1)
(0.200391 1.90094 0.1)
(0.943682 1.63311 0.1)
(0.786978 1.81229 0.1)
(0.350926 1.7362 0.1)
(0.422081 1.93616 0.1)
(0.806213 1.81397 0.1)
(0.67953 1.84116 0.1)
(0.708931 1.82805 0.1)
(0.517936 1.91811 0.1)
(0.757195 1.61187 0.1)
(0.702294 1.85066 0.1)
(0.811756 1.7954 0.1)
(0.968327 1.60003 0.1)
(0.814444 1.70779 0.1)
(0.680496 1.86461 0.1)
(0.573187 1.64008 0.1)
(0.901054 1.69316 0.1)
(0.22095 1.83379 0.1)
(0.721993 1.64367 0.1)
(0.763122 1.7642 0.1)
(0.902011 1.715 0.1)
(0.911799 1.65721 0.1)
(0.686478 1.78623 0.1)
(0.835022 1.6336 0.1)
(0.881494 1.71142 0.1)
(0.841267 1.64728 0.1)
(0.902648 1.63911 0.1)
(0.993302 1.71372 0.1)
(0.380334 1.94781 0.1)
(0.943061 1.7065 0.1)
(-0.59761 1.79381 0.1)
(-0.612573 1.78365 0.1)
(-0.563744 1.77802 0.1)
(-0.613036 1.7107 0.1)
(-0.5255 1.78003 0.1)
(-0.6753 1.76377 0.1)
(-0.508152 1.79762 0.1)
(-0.672693 1.72711 0.1)
(-0.713209 1.73677 0.1)
(-0.733204 1.713 0.1)
(-0.452714 1.77488 0.1)
(-0.768489 1.70425 0.1)
(-0.790147 1.69701 0.1)
(-0.430329 1.83547 0.1)
(-0.810586 1.68843 0.1)
(-0.393289 1.8299 0.1)
(-0.839184 1.68428 0.1)
(-0.368454 1.84537 0.1)
(-0.857143 1.67736 0.1)
(-0.346117 1.85258 0.1)
(-0.872675 1.67194 0.1)
(-0.88928 1.6712 0.1)
(-0.286604 1.84487 0.1)
(-0.939898 1.65611 0.1)
(-0.96858 1.64346 0.1)
(-0.27138 1.88358 0.1)
(-0.989545 1.63722 0.1)
(-1.00464 1.62821 0.1)
(-1.02155 1.61986 0.1)
(-0.236695 1.88995 0.1)
(-1.03918 1.61176 0.1)
(-1.05724 1.60338 0.1)
(-0.229441 1.92965 0.1)
(-1.07697 1.59281 0.1)
(-1.09626 1.58826 0.1)
(-1.11102 1.58653 0.1)
(-0.203958 1.94568 0.1)
(-1.1262 1.58182 0.1)
(-1.14466 1.57958 0.1)
(-1.16099 1.5726 0.1)
(-1.17948 1.56641 0.1)
(-0.166771 1.96203 0.1)
(-1.19634 1.56157 0.1)
(-0.146384 1.97671 0.1)
(-1.23208 1.55622 0.1)
(-1.24562 1.54408 0.1)
(-0.493038 1.89361 0.1)
(-0.6673 1.81542 0.1)
(-0.623977 1.84412 0.1)
(-0.577875 1.70654 0.1)
(-0.52889 1.71411 0.1)
(-0.60391 1.84242 0.1)
(-0.558238 1.84323 0.1)
(-0.691243 1.82757 0.1)
(-0.65834 1.65049 0.1)
(-0.703083 1.78966 0.1)
(-0.535405 1.84971 0.1)
(-0.475097 1.74208 0.1)
(-0.674834 1.65395 0.1)
(-0.500767 1.87718 0.1)
(-0.710354 1.6571 0.1)
(-0.741606 1.77459 0.1)
(-0.459937 1.8673 0.1)
(-0.760862 1.77739 0.1)
(-0.786685 1.76277 0.1)
(-0.443967 1.90656 0.1)
(-0.791617 1.62941 0.1)
(-0.813393 1.74552 0.1)
(-0.812872 1.63111 0.1)
(-0.418151 1.91479 0.1)
(-0.355018 1.78659 0.1)
(-0.832851 1.74022 0.1)
(-0.829334 1.61966 0.1)
(-0.450588 1.71351 0.1)
(-0.404353 1.90802 0.1)
(-0.336464 1.78738 0.1)
(-0.858603 1.74005 0.1)
(-0.8457 1.62436 0.1)
(-0.596022 1.67419 0.1)
(-0.389916 1.89844 0.1)
(-0.318416 1.80108 0.1)
(-0.357996 1.92528 0.1)
(-0.882454 1.61628 0.1)
(-0.426523 1.73975 0.1)
(-0.304879 1.83861 0.1)
(-0.893105 1.6069 0.1)
(-0.334267 1.91024 0.1)
(-0.923589 1.7078 0.1)
(-0.915276 1.60299 0.1)
(-0.955797 1.69955 0.1)
(-0.934369 1.6037 0.1)
(-0.970259 1.68738 0.1)
(-0.302546 1.9248 0.1)
(-0.954174 1.58971 0.1)
(-0.990046 1.68546 0.1)
(-0.28267 1.80574 0.1)
(-0.981716 1.59123 0.1)
(-0.245888 1.85138 0.1)
(-1.00712 1.67162 0.1)
(-0.999304 1.5823 0.1)
(-0.266275 1.81247 0.1)
(-1.02281 1.6627 0.1)
(-0.301418 1.95368 0.1)
(-1.01801 1.57533 0.1)
(-1.03938 1.65691 0.1)
(-1.03623 1.56935 0.1)
(-0.227504 1.85457 0.1)
(-1.05739 1.64877 0.1)
(-1.05393 1.56404 0.1)
(-0.282528 1.94872 0.1)
(-1.07583 1.64013 0.1)
(-1.07196 1.55941 0.1)
(-0.237804 1.95411 0.1)
(-1.09528 1.63173 0.1)
(-1.09279 1.55384 0.1)
(-1.11783 1.62482 0.1)
(-1.11779 1.55528 0.1)
(-1.13519 1.61496 0.1)
(-1.14843 1.59677 0.1)
(-1.15261 1.54937 0.1)
(-0.201943 1.97173 0.1)
(-0.252021 1.88488 0.1)
(-1.16654 1.59324 0.1)
(-0.471242 1.83266 0.1)
(-0.626203 1.7722 0.1)
(-1.17765 1.54508 0.1)
(-0.164065 1.91377 0.1)
(-1.18387 1.58691 0.1)
(-1.19755 1.54268 0.1)
(-0.218169 1.90161 0.1)
(-0.177899 1.97229 0.1)
(-0.187522 1.91939 0.1)
(-0.179452 1.94452 0.1)
(-0.157045 1.93846 0.1)
(-1.19929 1.57938 0.1)
(-0.255682 1.92047 0.1)
(-0.15034 1.95841 0.1)
(-0.20955 1.924 0.1)
(-1.21625 1.54104 0.1)
(-0.609545 1.74634 0.1)
(-0.475139 1.78468 0.1)
(-1.21466 1.56368 0.1)
(-0.642023 1.74741 0.1)
(-0.300379 1.8853 0.1)
(-1.23273 1.53896 0.1)
(-0.439774 1.79903 0.1)
(-0.163006 1.97753 0.1)
(-0.546998 1.68013 0.1)
(-0.626264 1.66116 0.1)
(-0.384104 1.74557 0.1)
(-0.521267 1.68654 0.1)
(-0.573491 1.81482 0.1)
(-0.540683 1.81416 0.1)
(-0.548447 1.87647 0.1)
(-0.585732 1.87079 0.1)
(-0.556514 1.74393 0.1)
(-0.665029 1.84668 0.1)
(-0.529914 1.88305 0.1)
(-0.571344 1.73995 0.1)
(-0.731785 1.7532 0.1)
(-0.732488 1.67901 0.1)
(-0.723705 1.60971 0.1)
(-0.607365 1.691 0.1)
(-0.602397 1.86767 0.1)
(-0.749132 1.66701 0.1)
(-0.757836 1.81113 0.1)
(-0.745703 1.61778 0.1)
(-0.74082 1.82168 0.1)
(-0.720021 1.8279 0.1)
(-0.774455 1.66507 0.1)
(-0.808506 1.72968 0.1)
(-0.775086 1.60442 0.1)
(-0.512534 1.89639 0.1)
(-0.347935 1.75211 0.1)
(-0.788174 1.65576 0.1)
(-0.644851 1.71793 0.1)
(-0.79958 1.59515 0.1)
(-0.339158 1.92968 0.1)
(-0.668593 1.63514 0.1)
(-0.816007 1.65887 0.1)
(-0.850546 1.77296 0.1)
(-0.816539 1.59762 0.1)
(-0.483946 1.76546 0.1)
(-0.827791 1.69786 0.1)
(-0.385347 1.8718 0.1)
(-0.437417 1.75483 0.1)
(-0.318238 1.93479 0.1)
(-0.87823 1.77145 0.1)
(-0.588987 1.69355 0.1)
(-0.403336 1.79614 0.1)
(-0.840774 1.71038 0.1)
(-0.89006 1.75502 0.1)
(-0.321823 1.76116 0.1)
(-0.476811 1.68007 0.1)
(-0.856185 1.59136 0.1)
(-0.363251 1.86925 0.1)
(-0.622521 1.68305 0.1)
(-0.862011 1.71399 0.1)
(-0.606407 1.8079 0.1)
(-0.905954 1.74501 0.1)
(-0.880627 1.63691 0.1)
(-0.666124 1.77658 0.1)
(-0.867308 1.586 0.1)
(-0.30102 1.7713 0.1)
(-0.344581 1.88224 0.1)
(-0.640654 1.78424 0.1)
(-0.888439 1.58871 0.1)
(-0.631805 1.86931 0.1)
(-0.693973 1.77099 0.1)
(-0.430391 1.92061 0.1)
(-0.825322 1.80296 0.1)
(-0.412689 1.74715 0.1)
(-0.915505 1.62956 0.1)
(-0.902305 1.58016 0.1)
(-0.413995 1.8197 0.1)
(-0.43153 1.87624 0.1)
(-0.496677 1.91582 0.1)
(-0.3274 1.83247 0.1)
(-0.955597 1.71901 0.1)
(-0.624132 1.62533 0.1)
(-0.920958 1.57403 0.1)
(-0.684897 1.80921 0.1)
(-0.941421 1.67359 0.1)
(-0.978231 1.72373 0.1)
(-0.589228 1.73052 0.1)
(-0.691883 1.85572 0.1)
(-0.952699 1.61061 0.1)
(-0.656822 1.73286 0.1)
(-0.938933 1.56388 0.1)
(-0.473428 1.85119 0.1)
(-0.64503 1.82933 0.1)
(-0.959369 1.66872 0.1)
(-0.458539 1.68778 0.1)
(-0.984753 1.70251 0.1)
(-0.419035 1.78812 0.1)
(-0.309649 1.90139 0.1)
(-0.975312 1.61951 0.1)
(-0.963824 1.56944 0.1)
(-0.664718 1.70582 0.1)
(-0.98181 1.66361 0.1)
(-0.450199 1.83926 0.1)
(-1.00819 1.70171 0.1)
(-0.284391 1.89709 0.1)
(-0.993844 1.60994 0.1)
(-0.697093 1.75382 0.1)
(-0.224072 1.83255 0.1)
(-0.987595 1.56129 0.1)
(-0.997753 1.65465 0.1)
(-1.02551 1.68598 0.1)
(-0.326784 1.89241 0.1)
(-0.680184 1.74564 0.1)
(-0.627151 1.72921 0.1)
(-1.01097 1.60148 0.1)
(-0.449201 1.88422 0.1)
(-0.285083 1.78767 0.1)
(-1.00753 1.55609 0.1)
(-0.266926 1.86411 0.1)
(-1.0143 1.646 0.1)
(-1.04724 1.67716 0.1)
(-0.445736 1.81669 0.1)
(-0.429753 1.82076 0.1)
(-0.467533 1.72677 0.1)
(-1.02877 1.59371 0.1)
(-0.30359 1.79742 0.1)
(-0.486756 1.72296 0.1)
(-0.456029 1.92663 0.1)
(-1.02684 1.55191 0.1)
(-1.03108 1.63806 0.1)
(-1.06544 1.66799 0.1)
(-0.278971 1.82827 0.1)
(-0.592934 1.71129 0.1)
(-1.04634 1.58623 0.1)
(-1.04589 1.54818 0.1)
(-0.633052 1.70001 0.1)
(-1.04885 1.63002 0.1)
(-0.297436 1.81656 0.1)
(-0.288931 1.86616 0.1)
(-1.08332 1.65851 0.1)
(-0.275752 1.9232 0.1)
(-0.468815 1.89636 0.1)
(-1.06152 1.57884 0.1)
(-0.608272 1.73127 0.1)
(-0.466731 1.75465 0.1)
(-0.208388 1.84168 0.1)
(-1.06489 1.54451 0.1)
(-0.252074 1.9627 0.1)
(-0.55434 1.70589 0.1)
(-0.310572 1.85779 0.1)
(-1.06736 1.62153 0.1)
(-1.10143 1.64942 0.1)
(-1.07762 1.57402 0.1)
(-0.248292 1.82999 0.1)
(-0.440616 1.85869 0.1)
(-0.690983 1.72216 0.1)
(-1.08221 1.53982 0.1)
(-0.473021 1.86299 0.1)
(-0.249464 1.8683 0.1)
(-0.260012 1.90157 0.1)
(-0.626781 1.80284 0.1)
(-0.461364 1.85219 0.1)
(-0.438086 1.72651 0.1)
(-0.293921 1.91125 0.1)
(-1.0871 1.61299 0.1)
(-0.266024 1.84478 0.1)
(-0.227233 1.96865 0.1)
(-1.11884 1.64263 0.1)
(-0.452529 1.79411 0.1)
(-1.0946 1.57273 0.1)
(-0.440569 1.69682 0.1)
(-0.317235 1.91586 0.1)
(-0.375586 1.77931 0.1)
(-1.10688 1.54035 0.1)
(-0.231181 1.87356 0.1)
(-1.10859 1.60335 0.1)
(-0.247246 1.93692 0.1)
(-0.282763 1.96365 0.1)
(-0.214081 1.95994 0.1)
(-1.13712 1.62843 0.1)
(-0.291118 1.9357 0.1)
(-0.625722 1.82632 0.1)
(-0.265566 1.94626 0.1)
(-0.245218 1.81033 0.1)
(-0.502582 1.71531 0.1)
(-0.263682 1.79308 0.1)
(-1.11133 1.57278 0.1)
(-0.615492 1.76045 0.1)
(-0.707727 1.81038 0.1)
(-0.19021 1.96196 0.1)
(-0.239119 1.91012 0.1)
(-0.411907 1.83669 0.1)
(-0.318604 1.8154 0.1)
(-1.13015 1.59985 0.1)
(-0.273476 1.90647 0.1)
(-1.13229 1.53987 0.1)
(-0.647665 1.81161 0.1)
(-0.594509 1.751 0.1)
(-1.13524 1.56523 0.1)
(-1.15108 1.61337 0.1)
(-0.223105 1.94617 0.1)
(-0.504297 1.77671 0.1)
(-0.56098 1.64899 0.1)
(-0.555113 1.80043 0.1)
(-0.375349 1.72399 0.1)
(-0.524275 1.79877 0.1)
(-0.539713 1.801 0.1)
(-0.527405 1.76217 0.1)
(-0.532338 1.90307 0.1)
(-0.560079 1.76093 0.1)
(-0.393963 1.72986 0.1)
(-0.727297 1.62714 0.1)
(-0.798945 1.67089 0.1)
(-0.572547 1.79688 0.1)
(-0.783883 1.67978 0.1)
(-0.534625 1.65559 0.1)
(-0.686877 1.60775 0.1)
(-0.704953 1.64039 0.1)
(-0.680684 1.66657 0.1)
(-0.59251 1.85529 0.1)
(-0.514874 1.66541 0.1)
(-0.343422 1.83771 0.1)
(-0.613157 1.64941 0.1)
(-0.747324 1.75751 0.1)
(-0.670944 1.86385 0.1)
(-0.401866 1.8822 0.1)
(-0.569134 1.85811 0.1)
(-0.53866 1.69711 0.1)
(-0.363827 1.75924 0.1)
(-0.626169 1.88226 0.1)
(-0.566935 1.69003 0.1)
(-0.732282 1.73693 0.1)
(-0.57043 1.83232 0.1)
(-0.344469 1.76942 0.1)
(-0.543697 1.83238 0.1)
(-0.724049 1.84661 0.1)
(-0.839348 1.79274 0.1)
(-0.848795 1.72858 0.1)
(-0.709636 1.71828 0.1)
(-0.587106 1.80166 0.1)
(-0.554243 1.89891 0.1)
(-0.544156 1.76409 0.1)
(-0.754684 1.63204 0.1)
(-0.587721 1.83371 0.1)
(-0.705124 1.83962 0.1)
(-0.770522 1.62459 0.1)
(-0.720838 1.78107 0.1)
(-0.592492 1.88946 0.1)
(-0.547445 1.72521 0.1)
(-0.678956 1.68709 0.1)
(-0.551312 1.85732 0.1)
(-0.695302 1.67171 0.1)
(-0.491626 1.79306 0.1)
(-0.685896 1.64264 0.1)
(-0.719295 1.69409 0.1)
(-0.661527 1.83143 0.1)
(-0.798816 1.71517 0.1)
(-0.369307 1.74029 0.1)
(-0.751573 1.7405 0.1)
(-0.577468 1.75661 0.1)
(-0.580577 1.84691 0.1)
(-0.848047 1.75023 0.1)
(-0.530143 1.8659 0.1)
(-0.675092 1.82874 0.1)
(-0.756736 1.59647 0.1)
(-0.556653 1.81766 0.1)
(-0.823075 1.67617 0.1)
(-0.357003 1.90224 0.1)
(-0.755924 1.72273 0.1)
(-0.638518 1.67234 0.1)
(-0.876512 1.7485 0.1)
(-0.660772 1.67274 0.1)
(-0.38234 1.75988 0.1)
(-0.537119 1.74522 0.1)
(-0.524208 1.82006 0.1)
(-0.669846 1.61687 0.1)
(-0.742027 1.64196 0.1)
(-0.86352 1.78721 0.1)
(-0.769289 1.82312 0.1)
(-0.694093 1.65872 0.1)
(-0.511397 1.75645 0.1)
(-0.466326 1.80756 0.1)
(-0.706082 1.62463 0.1)
(-0.812676 1.76461 0.1)
(-0.801762 1.64605 0.1)
(-0.7105 1.67613 0.1)
(-0.515674 1.73307 0.1)
(-0.758487 1.8332 0.1)
(-0.483608 1.87225 0.1)
(-0.861066 1.69452 0.1)
(-0.638987 1.6544 0.1)
(-0.835101 1.76257 0.1)
(-0.488216 1.80973 0.1)
(-0.49199 1.74365 0.1)
(-0.433672 1.78303 0.1)
(-0.800867 1.77948 0.1)
(-0.398891 1.74794 0.1)
(-0.812167 1.61305 0.1)
(-0.800772 1.58044 0.1)
(-0.214959 1.97912 0.1)
(-0.835674 1.66467 0.1)
(-0.404311 1.94002 0.1)
(-0.419964 1.7102 0.1)
(-0.608238 1.8243 0.1)
(-0.613834 1.66816 0.1)
(-0.782453 1.58618 0.1)
(-0.818637 1.58034 0.1)
(-0.899827 1.59622 0.1)
(-0.881366 1.69043 0.1)
(-0.568916 1.72007 0.1)
(-0.364872 1.94416 0.1)
(-0.39369 1.85186 0.1)
(-0.875137 1.73246 0.1)
(-0.333918 1.86752 0.1)
(-0.75069 1.79351 0.1)
(-0.856511 1.63638 0.1)
(-0.342745 1.94967 0.1)
(-0.516593 1.84122 0.1)
(-0.630738 1.64118 0.1)
(-0.835171 1.60173 0.1)
(-0.490517 1.85415 0.1)
(-0.893514 1.73509 0.1)
(-0.417187 1.76784 0.1)
(-0.852352 1.66147 0.1)
(-0.847762 1.69641 0.1)
(-0.84211 1.58108 0.1)
(-0.502516 1.68979 0.1)
(-0.397268 1.71043 0.1)
(-0.626024 1.74825 0.1)
(-0.317504 1.78461 0.1)
(-0.568365 1.87688 0.1)
(-0.769587 1.79945 0.1)
(-0.742888 1.84048 0.1)
(-0.91749 1.58611 0.1)
(-0.714422 1.75612 0.1)
(-0.64327 1.87811 0.1)
(-0.909359 1.56659 0.1)
(-0.904473 1.67522 0.1)
(-0.413517 1.8654 0.1)
(-0.339147 1.82079 0.1)
(-0.584198 1.77744 0.1)
(-0.903867 1.61692 0.1)
(-0.267717 1.96572 0.1)
(-0.61119 1.88314 0.1)
(-0.869785 1.62485 0.1)
(-0.91214 1.76019 0.1)
(-0.476067 1.92004 0.1)
(-0.649138 1.68988 0.1)
(-0.659116 1.75117 0.1)
(-0.420306 1.89594 0.1)
(-0.424407 1.85089 0.1)
(-0.696582 1.68511 0.1)
(-0.940811 1.68788 0.1)
(-0.747323 1.69443 0.1)
(-0.589983 1.65201 0.1)
(-0.823706 1.72201 0.1)
(-0.680388 1.84117 0.1)
(-0.335183 1.80633 0.1)
(-0.856456 1.60813 0.1)
(-0.398842 1.92414 0.1)
(-0.860782 1.5718 0.1)
(-0.590674 1.81647 0.1)
(-0.466434 1.70512 0.1)
(-0.868862 1.65281 0.1)
(-0.572422 1.66697 0.1)
(-0.928486 1.75099 0.1)
(-0.925719 1.64332 0.1)
(-0.727463 1.76579 0.1)
(-0.494237 1.83175 0.1)
(-0.703174 1.70037 0.1)
(-0.921316 1.73099 0.1)
(-0.376515 1.82581 0.1)
(-0.513786 1.70372 0.1)
(-0.42057 1.93524 0.1)
(-0.51485 1.88195 0.1)
(-0.934829 1.58416 0.1)
(-0.824976 1.78048 0.1)
(-0.643913 1.85188 0.1)
(-0.736953 1.59914 0.1)
(-0.927413 1.66846 0.1)
(-0.922167 1.56151 0.1)
(-0.794947 1.61029 0.1)
(-0.927424 1.61895 0.1)
(-0.892461 1.62763 0.1)
(-0.356407 1.80503 0.1)
(-0.642611 1.73535 0.1)
(-0.50566 1.81374 0.1)
(-0.900169 1.76653 0.1)
(-0.396682 1.76185 0.1)
(-0.486158 1.70111 0.1)
(-0.545692 1.78328 0.1)
(-0.646907 1.62686 0.1)
(-0.955309 1.68836 0.1)
(-0.41282 1.73075 0.1)
(-0.471166 1.87916 0.1)
(-0.921084 1.68692 0.1)
(-0.601918 1.76787 0.1)
(-0.877489 1.59952 0.1)
(-0.380167 1.80459 0.1)
(-0.616116 1.86032 0.1)
(-0.619198 1.8731 0.1)
(-0.452138 1.74117 0.1)
(-0.945664 1.74222 0.1)
(-0.882106 1.57168 0.1)
(-0.696332 1.73803 0.1)
(-0.763864 1.68076 0.1)
(-0.890649 1.65292 0.1)
(-0.940605 1.7263 0.1)
(-0.327484 1.852 0.1)
(-0.510658 1.86271 0.1)
(-0.317862 1.87549 0.1)
(-0.68676 1.70555 0.1)
(-0.688951 1.62398 0.1)
(-0.63673 1.76082 0.1)
(-0.730254 1.80144 0.1)
(-0.374212 1.88753 0.1)
(-0.378177 1.91598 0.1)
(-0.962236 1.73327 0.1)
(-0.186573 1.87605 0.1)
(-0.76068 1.65104 0.1)
(-0.439435 1.93378 0.1)
(-0.769377 1.74646 0.1)
(-0.731211 1.65622 0.1)
(-0.399336 1.81528 0.1)
(-0.606638 1.63053 0.1)
(-0.354098 1.82605 0.1)
(-0.792103 1.79233 0.1)
(-0.573754 1.8945 0.1)
(-0.779728 1.72809 0.1)
(-0.412793 1.92403 0.1)
(-0.589239 1.63397 0.1)
(-0.650583 1.76869 0.1)
(-0.825411 1.64285 0.1)
(-0.968996 1.70606 0.1)
(-0.86363 1.75744 0.1)
(-0.204101 1.86018 0.1)
(-0.709579 1.76954 0.1)
(-0.174976 1.89249 0.1)
(-0.334595 1.74541 0.1)
(-0.776688 1.78429 0.1)
(-0.707213 1.6048 0.1)
(-0.422366 1.80481 0.1)
(-0.777547 1.64232 0.1)
(-0.796191 1.74173 0.1)
(-0.495274 1.67265 0.1)
(-0.532668 1.67349 0.1)
(-0.55215 1.66351 0.1)
(-0.397043 1.77846 0.1)
(-0.195296 1.89515 0.1)
(-0.943922 1.63321 0.1)
(-0.78606 1.81104 0.1)
(-0.351162 1.7356 0.1)
(-0.806003 1.81355 0.1)
(-0.758773 1.61179 0.1)
(-0.514962 1.91334 0.1)
(-0.811657 1.79492 0.1)
(-0.968683 1.60006 0.1)
(-0.654793 1.86949 0.1)
(-0.814766 1.70772 0.1)
(-0.57315 1.64009 0.1)
(-0.9014 1.69315 0.1)
(-0.390042 1.9457 0.1)
(-0.719584 1.64284 0.1)
(-0.763519 1.76257 0.1)
(-0.902068 1.71509 0.1)
(-0.912184 1.65713 0.1)
(-0.681907 1.79025 0.1)
(-0.835389 1.63353 0.1)
(-0.881635 1.71151 0.1)
(-0.382381 1.93435 0.1)
(-0.65918 1.79517 0.1)
(-0.841706 1.64717 0.1)
(-0.902991 1.6391 0.1)
(-0.993288 1.71375 0.1)
(-0.213452 1.88009 0.1)
(-0.379603 1.95308 0.1)
(-0.943113 1.70655 0.1)
(-0.324081 1.95445 0.1)
)


// ************************************************************************* //
