/*--------------------------------*- C++ -*----------------------------------*\
| =========                 |                                                 |
| \\      /  F ield         | OpenFOAM: The Open Source CFD Toolbox           |
|  \\    /   O peration     | Version:  2.0.x                                 |
|   \\  /    A nd           | Web:      www.OpenFOAM.com                      |
|    \\/     M anipulation  |                                                 |
\*---------------------------------------------------------------------------*/
FoamFile
{
    version     2.0;
    format      ascii;
    class       labelList;
    note        "nPoints:2982  nCells:1557  nFaces:6160  nInternalFaces:2784";
    location    "constant/polyMesh";
    object      neighbour;
}
// * * * * * * * * * * * * * * * * * * * * * * * * * * * * * * * * * * * * * //


2784
(
523
1331
1335
567
568
1167
1209
126
461
570
1261
219
428
1350
1352
109
383
544
1239
403
546
1175
1211
42
251
366
421
135
428
572
1277
27
182
280
1342
187
269
482
515
89
506
1222
1279
120
281
502
530
414
438
1204
1290
120
206
530
1197
32
81
236
58
88
195
380
36
524
1224
94
517
532
1259
219
424
428
465
96
304
526
535
103
131
137
444
556
1258
1259
242
390
534
1165
26
44
60
158
484
505
1166
1283
364
449
517
532
34
52
77
467
557
1329
232
321
545
1172
494
570
1261
1306
110
115
192
405
51
57
412
452
91
272
36
93
251
56
105
184
91
1255
1268
119
427
544
547
1311
87
109
352
420
51
167
1231
1232
44
129
158
453
1265
1346
1349
528
1258
1320
403
470
546
1168
52
69
508
1201
238
484
567
1178
53
62
148
249
65
283
347
1166
310
496
533
1212
195
241
380
349
1210
56
63
121
1193
86
265
525
1353
243
281
481
502
90
500
1210
1256
284
441
1198
119
251
366
563
74
77
212
497
539
1228
1295
121
1190
1191
79
146
180
112
377
494
1319
360
545
1307
233
267
1251
1280
205
226
1220
434
476
1337
1344
252
322
353
358
538
1348
410
480
509
1314
316
450
540
1202
510
1159
85
147
176
99
567
568
1257
143
145
297
477
85
105
170
319
388
1164
95
176
222
232
252
286
508
1250
1309
511
521
1247
1300
376
1173
1176
1189
182
260
279
356
104
217
107
524
97
463
1300
443
1199
1343
555
1169
1246
184
186
512
103
131
453
471
556
1332
381
528
1258
118
217
271
175
408
464
109
544
1247
246
518
205
568
173
434
452
1344
318
542
1289
294
466
1285
1330
1280
1308
105
266
1187
348
397
435
549
1163
214
525
1318
131
213
454
471
1275
403
406
1175
224
378
1195
132
294
1322
134
249
522
198
385
442
520
406
1220
1292
201
225
292
412
334
495
1272
1331
164
266
325
577
1224
555
1246
146
157
197
215
279
1334
330
445
1171
1324
436
1170
1174
1188
385
520
573
358
483
503
183
321
391
1248
225
394
500
512
259
575
199
216
488
1236
1319
1330
189
473
1241
1244
168
180
379
560
1177
550
558
564
1338
558
1308
1338
275
282
449
532
213
454
537
1342
257
385
442
169
291
341
483
493
507
1273
549
1169
1222
425
492
1328
1351
1233
1240
1312
147
176
157
212
359
1191
1225
486
501
1249
1287
230
538
1341
1355
485
1310
1339
1340
314
404
1252
1253
290
549
1163
1180
185
514
561
1238
233
267
340
1250
230
395
457
513
554
1190
212
417
463
485
1270
1310
191
265
1215
1354
373
439
473
1241
255
276
329
487
430
498
501
1217
254
326
376
416
550
564
576
241
374
574
499
1268
1269
203
222
466
1254
1262
188
559
1213
304
355
455
526
311
422
536
1313
179
386
1221
228
256
429
551
427
535
547
217
196
447
1350
1351
285
365
1245
1288
288
1190
1326
222
1193
366
390
421
534
215
557
486
497
501
348
436
324
569
1237
436
1170
334
495
1287
459
534
1165
576
1304
1334
352
1163
1205
1339
238
496
1212
568
1167
1292
309
418
475
493
227
269
486
1315
441
423
1323
444
1304
1316
199
216
1162
240
280
411
1305
1317
458
1252
1347
508
1179
1182
1201
247
271
261
477
506
1219
1292
465
1246
1279
294
571
1305
1322
367
1174
1188
1196
264
545
1168
1172
466
1254
1330
242
306
1165
1200
554
1236
1316
357
384
388
1316
1342
316
442
266
307
438
539
1290
492
551
306
456
548
1297
224
355
1216
271
338
1177
1226
1352
304
392
1256
331
519
305
312
1336
460
480
1314
290
420
1180
1274
370
418
312
440
472
1200
235
508
236
351
346
504
543
445
1172
1182
272
1250
312
482
1181
1356
337
1215
355
495
1216
1272
278
1162
478
293
1234
1239
1274
1275
278
520
573
1161
547
569
1237
1311
284
1160
296
325
404
538
1253
1341
462
1193
258
300
522
1332
1217
1229
329
396
432
1276
450
540
1189
277
487
1276
424
426
1219
367
1196
327
531
386
417
516
479
557
1286
356
451
1278
308
514
561
1218
363
1175
1183
1343
445
546
1171
310
1212
326
1308
1321
416
439
1271
1289
1287
1336
331
443
519
562
325
351
394
1266
1267
1302
1303
321
391
545
1307
381
469
1243
471
1264
1333
342
538
1348
323
343
527
537
1329
555
1274
379
560
1243
298
393
419
389
518
373
1207
1312
321
1229
1248
291
1323
1351
1191
1192
1344
427
521
544
1247
555
1169
1328
392
398
1252
440
1200
1206
320
540
1176
1189
1194
376
1173
435
549
1312
533
539
1290
378
427
521
535
327
359
462
444
564
1304
1338
308
536
561
1203
453
1251
1345
1349
1195
1294
1297
1298
459
472
332
566
1295
382
1242
327
531
1357
414
525
317
390
421
1298
467
557
1235
1286
342
368
398
333
387
489
1188
413
488
381
528
1313
375
1271
548
1213
1281
571
1284
1285
523
1217
510
1161
561
1203
1208
376
541
1186
457
379
382
1242
1243
552
1333
399
529
1184
1220
438
456
548
541
1185
1186
1249
1335
344
382
530
1218
346
365
504
1245
567
1257
364
447
1230
494
1305
1306
1322
407
1309
1327
509
1262
1328
487
1253
490
1244
1334
382
572
1277
362
519
562
542
393
484
1178
387
1187
386
1221
1232
460
1235
1286
1314
491
1251
463
1310
493
1273
1355
569
1206
1208
1234
515
479
527
414
525
1204
503
1273
395
462
470
1166
1168
486
497
566
1295
389
518
478
574
1211
401
1227
1207
1291
415
413
489
487
1264
1346
511
1270
1299
476
513
1337
375
416
1271
1303
378
511
521
439
1240
402
529
1302
448
494
1277
478
1343
532
1237
1238
1311
577
1224
1318
1325
436
541
1204
1281
562
1198
422
497
1228
491
565
496
533
491
512
457
1225
411
552
1317
504
1291
1339
565
1346
445
1179
1182
490
1240
1241
1244
1230
1263
474
574
1324
1282
476
1347
505
1282
1283
1183
1184
437
1266
464
526
1356
422
536
1203
1208
431
1235
1284
1293
1306
458
1256
442
1202
533
534
559
563
473
554
1325
1355
1357
539
1228
1307
1205
1275
528
1234
447
1230
551
1296
480
492
509
506
1279
1296
1177
460
1219
1278
523
1249
1335
509
1214
1262
468
1293
1301
510
573
1161
458
1347
1207
1291
558
1267
1327
1281
1288
446
1356
1160
1183
1184
1236
464
569
1206
1352
1260
1261
560
1227
1185
1186
477
527
1233
458
1221
1280
552
1333
482
515
1181
566
1294
1357
548
1213
479
483
1260
522
1299
547
1197
1296
1214
571
1284
503
1276
1348
536
1242
1313
1282
1283
1265
1297
1298
576
546
1171
1211
531
553
1341
1223
574
1278
551
514
1238
1239
1336
507
1209
543
540
1194
1185
1202
527
1233
1345
1350
553
515
1178
501
1229
1248
575
1231
1255
1269
514
1218
1301
1340
1167
1209
1223
553
1255
1192
1225
575
1231
1232
1263
1162
1318
1181
1324
572
1195
552
1317
1187
1245
1340
1267
1303
1326
1320
1321
563
1164
1226
1199
577
576
1345
1349
1315
1293
1301
1329
1197
1164
1112
1523
1527
607
675
691
1109
694
1035
1153
1459
613
667
973
1107
713
972
1072
1486
674
1007
1138
1431
764
869
1087
1133
709
746
804
923
599
755
860
1535
762
839
1055
1406
652
1099
1417
1476
686
861
1085
1125
601
1033
1127
686
784
1090
1125
605
644
810
624
672
964
668
700
708
1016
598
614
625
731
805
892
1119
1368
654
659
1551
606
618
639
1038
1144
1519
887
1138
1490
1506
742
1123
1077
1153
1459
1501
617
623
987
1023
645
867
1064
1108
655
849
622
670
757
813
1018
1039
655
1456
1463
651
674
927
996
617
739
1424
1425
614
696
731
1024
1461
1542
1545
699
902
1398
618
632
1097
1399
620
626
720
824
924
1408
622
683
850
1146
1474
627
688
1388
819
861
1057
1085
653
1083
1408
1457
763
1504
637
639
791
688
1385
1386
642
717
756
658
699
1143
1375
676
951
1077
1511
808
841
1452
1477
1004
1053
1529
1537
826
896
928
932
1122
1544
766
816
902
1555
889
1021
1131
1400
1100
1358
650
718
749
715
716
876
1054
650
670
706
977
1063
1113
741
1143
1375
1394
661
749
799
805
826
864
1097
1451
1503
750
906
1432
659
813
1018
1422
1101
1116
1443
1495
950
1369
1371
1384
755
838
857
930
669
795
662
1037
1495
1141
1366
1442
757
759
760
806
1102
668
700
1024
1048
1008
1157
1389
1492
667
894
1089
760
990
898
1086
1095
1515
684
795
846
674
1138
1443
821
1121
745
1004
1023
1537
874
1040
1479
1522
890
1130
1485
699
1413
1477
1502
670
840
1382
922
968
1005
1132
1363
961
1106
700
792
1025
1048
1472
787
1043
1119
702
874
1514
705
824
1111
775
958
1013
1110
703
814
1481
1549
779
800
871
987
909
1080
1467
1523
1041
1060
1155
1498
802
847
1091
736
840
900
698
1064
1108
1141
1442
788
954
1114
717
730
952
1373
1438
1524
774
796
857
1526
813
975
1043
1006
1367
1370
1383
958
1110
1156
932
1062
1093
800
965
1083
1102
836
1158
777
794
1069
1127
1513
1019
1428
758
892
1157
1446
1511
1522
778
798
991
767
1049
1434
1439
743
756
1374
1395
1398
1134
1145
1148
1530
1145
1502
1530
937
1076
1540
792
1025
1124
1535
834
958
1013
1103
1115
1147
1430
925
948
1422
1062
1075
1096
1469
1132
1366
1417
1426
1433
1507
718
749
730
791
997
1061
1136
1152
933
1386
1419
772
1079
1468
803
1122
1534
1553
1065
1505
1532
1533
885
981
1453
1454
870
1132
1363
1376
814
866
1115
1444
1068
1449
1450
1483
808
841
916
1451
803
966
1030
1104
1140
1385
791
993
1037
1065
1465
1505
947
1012
1049
1434
833
852
905
1067
999
1081
1410
1449
831
901
950
790
939
1044
1087
992
1148
1149
1520
1082
1463
1464
811
881
978
1438
1014
1034
1074
1033
1050
1365
782
799
886
912
1135
1470
753
959
1416
811
1011
1079
929
1095
1436
771
1531
1538
1547
795
929
1108
829
862
1401
1432
863
938
1441
1484
868
1385
1517
802
936
1129
1552
796
1144
799
1388
922
1006
854
944
1157
1006
1367
1018
1556
953
1118
1359
909
1080
1483
766
1359
770
1155
1365
837
1054
1099
1414
953
1504
1499
1521
1526
997
1032
1061
1444
927
1363
1402
1532
972
1072
1133
839
1068
1508
789
1455
880
994
1052
1075
1016
1499
1509
777
794
1362
860
984
1500
1510
817
815
1056
1481
1031
1453
1543
892
1008
1043
1119
1097
1372
1378
1399
822
846
874
1151
1500
1514
1129
1442
1476
940
1370
1383
1393
895
1119
1364
1368
989
1109
1364
793
886
1040
1522
1078
1087
1152
1140
1428
1509
912
1409
889
1013
840
1509
1535
910
972
1389
1486
1078
1152
1549
846
963
1457
870
996
1376
1471
1090
1548
943
994
1011
1427
1478
812
1097
962
1556
912
1080
1409
1467
810
926
921
1094
1128
849
1451
1373
1403
1368
1378
1379
925
828
997
1000
1147
1506
953
1019
1394
856
1362
853
978
1438
1524
1431
1471
1472
856
1110
1156
1360
865
1118
875
900
981
1122
1454
1534
1036
1388
835
877
1111
1410
1423
934
1087
1133
1415
1115
1147
1481
842
1026
1437
905
967
1001
1473
1021
1131
1384
884
1103
1412
1429
855
1067
1473
940
1393
904
1120
959
993
1105
930
1022
1475
1058
1144
1482
1483
1531
901
1502
1512
1098
1401
1480
992
1012
1466
1485
899
1045
1056
1135
867
1032
1061
1445
900
853
1524
1548
865
953
1034
1118
926
965
1026
1091
1480
1134
1149
1462
1497
1048
1460
1525
1086
1091
1068
1081
1449
918
1122
1544
897
919
1117
931
1051
1538
1547
934
1029
1415
1493
1124
1519
1141
1471
1027
1437
1448
947
1405
1507
892
1423
1446
1121
1361
884
1429
1447
1432
1448
1386
1387
1537
939
1059
1365
1141
1366
963
969
1453
1116
1138
1443
1490
1131
1371
1384
1390
893
950
1369
1005
1132
1507
904
933
1036
1016
1148
1499
1530
1024
1452
1541
1545
904
1120
1554
1391
1403
1468
1038
1144
1427
1482
1029
1493
1508
1538
956
1435
918
941
969
903
1114
899
985
1000
907
960
1070
1383
988
1069
949
1466
913
1039
1042
1107
1151
1478
1479
1092
1413
1063
1113
1379
1112
1410
1100
1360
1091
1420
1480
903
1000
950
1126
1381
1019
1374
1135
1536
1030
1137
1525
929
1098
1401
1126
1380
1381
956
1026
1435
1437
1450
1527
1142
1488
1492
921
938
1094
1441
1088
1377
1396
1556
917
956
1125
1412
1077
1500
1501
1514
982
1503
1518
956
1146
1474
1067
1454
1071
1439
1526
986
1061
1440
1445
1130
960
1382
952
1373
1540
959
1416
1425
975
1486
1073
1452
1037
1505
1075
1469
1553
1058
1117
970
991
1045
1093
1469
966
1036
1051
1078
1092
1107
1397
1413
979
998
1414
1076
1427
1482
1405
1487
1044
1059
988
1070
1067
1460
1542
1101
1465
1494
1053
1104
1529
1068
1142
1492
949
992
1149
1466
954
1101
1116
1012
1433
1060
1072
1546
1497
1020
1077
1548
1552
955
985
1114
1116
976
1086
1515
1516
1006
1126
1106
1392
1092
1397
1073
1150
1028
1504
1555
1073
1102
1030
1419
984
1137
1510
1094
1487
1532
1150
1542
991
1051
1078
1015
1372
1378
1392
1047
989
1042
1398
1071
1433
1434
1439
1389
1528
978
1391
1028
1374
1555
1086
1002
1540
1552
995
1041
1539
1053
1543
1009
1462
1045
1055
1135
1470
1489
1501
1490
1536
1064
1066
1513
1031
1457
1013
1400
1042
1395
1154
1422
1546
1056
1049
1140
1516
1553
1554
1123
1498
1402
1472
1549
1099
1129
1476
1112
1450
1527
1056
1046
1489
1496
1076
1414
1475
1100
1156
1360
1031
1543
1405
1487
1147
1430
1506
1157
1528
1134
1145
1518
1041
1154
1539
1546
1040
1479
1484
1121
1361
1106
1113
1379
1428
1154
1539
1550
1377
1375
1458
1459
1380
1381
1054
1117
1426
1031
1416
1477
1137
1525
1474
1032
1435
1447
1106
1113
1142
1488
1554
1448
1059
1084
1361
1394
1062
1458
1111
1494
1151
1478
1109
1377
1455
1060
1109
1528
1136
1152
1547
1093
1473
1544
1133
1415
1488
1461
1520
1123
1155
1498
1493
1120
1139
1534
1418
1088
1531
1103
1430
1431
1076
1475
1404
1491
1096
1364
1395
1445
1128
1084
1404
1440
1131
1390
1380
1400
1117
1426
1491
1541
1143
1407
1139
1403
1455
1406
1423
1446
1158
1424
1456
1464
1127
1513
1103
1412
1406
1470
1143
1407
1129
1146
1496
1533
1411
1421
1139
1420
1436
1418
1456
1387
1419
1158
1424
1425
1396
1362
1536
1429
1137
1510
1146
1382
1533
1441
1149
1404
1440
1517
1508
1512
1521
1541
1545
1519
1489
1496
1551
1491
1205
1337
1199
1269
1285
1223
1227
1265
1289
1315
1300
1332
1327
1326
1354
1402
1529
1397
1464
1515
1418
1421
1436
1447
1461
1485
1495
1518
1517
1521
1551
)


// ************************************************************************* //
